Pt-15to20       1722681   702200000   0.0039
Pt-20to30       8486904   287000000   0.0065
Pt-30to50       9560265   66090000    0.0122
Pt-50to80       10365230  8082000     0.0218
Pt-80to120      9238642   1024000     0.0395
Pt-120to170     8501935   157800      0.0473
Pt-170to300     7670288   34020       0.0676
Pt-300to470     7839607   1757        0.0864
Pt-470to600     3783069   115.2       0.1024
Pt-600to800     4119000   27.01       0.0996
Pt-800to1000    4107853   3.57        0.1033
Pt-1000         3873970   0.774       0.1097
