nosel 0 2152.42 12213.3
nosel 1 7851.23 12213.3
nosel 2 26743.4 12213.3
nosel 3 20069.8 12213.3
nosel 4 12799.8 12213.3
nosel 5 5253.71 12213.3
nosel 6 34676.8 12213.3
nosel 7 32506.9 12213.3
nosel 8 37905.1 12213.3
nosel 9 12591.6 12213.3
nosel 10 10910.9 12213.3
nosel 11 9867.37 12213.3
nosel 12 13732.1 12213.3
nosel 13 12816.8 12213.3
nosel 14 10349.2 12213.3
nosel 15 23050 12213.3
nosel 16 23439 12213.3
nosel 17 21650.1 12213.3
nosel 18 58487.7 12213.3
nosel 19 63720.8 12213.3
nosel 20 77544.4 12213.3
nosel 21 105895 12213.3
nosel 22 108677 12213.3
nosel 23 122294 12213.3
nosel 24 99605.5 12213.3
pt20t30 0 1756.72 5873.67
pt20t30 1 3439.33 5873.67
pt20t30 2 3864.52 5873.67
pt20t30 3 5019.66 5873.67
pt20t30 4 8237.89 5873.67
pt20t30 5 8711 5873.67
pt20t30 6 12259.9 5873.67
pt20t30 7 15482.1 5873.67
pt20t30 8 11429.9 5873.67
pt20t30 9 7992.01 5873.67
pt20t30 10 10131.4 5873.67
pt20t30 11 7598.42 5873.67
pt20t30 12 10322.9 5873.67
pt20t30 13 2760.49 5873.67
pt20t30 14 13539.9 5873.67
pt20t30 15 10338.8 5873.67
pt20t30 16 11787.8 5873.67
pt20t30 17 12654.6 5873.67
pt20t30 18 15886.6 5873.67
pt20t30 19 13882.2 5873.67
pt20t30 20 16081.9 5873.67
pt20t30 21 10967.6 5873.67
pt20t30 22 9375.75 5873.67
pt20t30 23 8085.33 5873.67
pt20t30 24 7834.3 5873.67
pt20t30 25 9262.09 5873.67
pt20t30 26 11780.1 5873.67
pt20t30 27 6545.85 5873.67
pt20t30 28 2283.39 5873.67
pt30t40 0 2392.4 11592.4
pt30t40 1 3193.55 11592.4
pt30t40 2 3463.81 11592.4
pt30t40 3 8991.33 11592.4
pt30t40 4 9354.38 11592.4
pt30t40 5 16251.7 11592.4
pt30t40 6 22613 11592.4
pt30t40 7 10519.9 11592.4
pt30t40 8 10409.8 11592.4
pt30t40 9 15883.1 11592.4
pt30t40 10 19011.4 11592.4
pt30t40 11 4010.24 11592.4
pt30t40 12 20619.9 11592.4
pt30t40 13 31033.2 11592.4
pt30t40 14 34646.7 11592.4
pt30t40 15 34785.4 11592.4
pt30t40 16 30997.3 11592.4
pt30t40 17 35052.2 11592.4
pt30t40 18 15205.1 11592.4
pt30t40 19 17604.8 11592.4
pt30t40 20 13234.1 11592.4
pt30t40 21 16732.7 11592.4
pt30t40 22 19398 11592.4
pt30t40 23 16007.3 11592.4
pt30t40 24 16713.2 11592.4
pt30t40 25 19805.1 11592.4
pt30t40 26 21025.9 11592.4
pt30t40 27 21464.2 11592.4
pt30t40 28 16106.7 11592.4
pt30t40 29 5351.93 11592.4
pt40t50 0 1361.07 12077.6
pt40t50 1 2826.45 12077.6
pt40t50 2 5798.04 12077.6
pt40t50 3 7778.04 12077.6
pt40t50 4 9806.53 12077.6
pt40t50 5 13099.9 12077.6
pt40t50 6 15695.4 12077.6
pt40t50 7 8493.39 12077.6
pt40t50 8 13606.3 12077.6
pt40t50 9 19318.2 12077.6
pt40t50 10 5284.22 12077.6
pt40t50 11 27729.3 12077.6
pt40t50 12 27738.6 12077.6
pt40t50 13 28353.6 12077.6
pt40t50 14 26150 12077.6
pt40t50 15 32395.1 12077.6
pt40t50 16 28621.2 12077.6
pt40t50 17 22043.2 12077.6
pt40t50 18 24935.2 12077.6
pt40t50 19 17954.6 12077.6
pt40t50 20 23840.2 12077.6
pt40t50 21 27968.3 12077.6
pt40t50 22 22928.8 12077.6
pt40t50 23 25302.6 12077.6
pt40t50 24 19181.7 12077.6
pt40t50 25 21172.5 12077.6
pt40t50 26 20674.6 12077.6
pt40t50 27 17826.9 12077.6
pt40t50 28 4766.17 12077.6
pt50t60 0 1306.89 9704.89
pt50t60 1 2310.62 9704.89
pt50t60 2 3125.51 9704.89
pt50t60 3 3976.22 9704.89
pt50t60 4 5432.37 9704.89
pt50t60 5 4987.59 9704.89
pt50t60 6 9468.81 9704.89
pt50t60 7 8098.5 9704.89
pt50t60 8 14448 9704.89
pt50t60 9 13509.4 9704.89
pt50t60 10 6414.97 9704.89
pt50t60 11 17683.2 9704.89
pt50t60 12 22783.2 9704.89
pt50t60 13 17508 9704.89
pt50t60 14 21807 9704.89
pt50t60 15 32167.7 9704.89
pt50t60 16 24372.9 9704.89
pt50t60 17 27998.6 9704.89
pt50t60 18 16874.6 9704.89
pt50t60 19 15491.6 9704.89
pt50t60 20 21790.8 9704.89
pt50t60 21 14248.6 9704.89
pt50t60 22 24081.1 9704.89
pt50t60 23 15071.3 9704.89
pt50t60 24 13819.7 9704.89
pt50t60 25 22000.3 9704.89
pt50t60 26 21306.6 9704.89
pt50t60 27 23491.6 9704.89
pt50t60 28 26257 9704.89
pt50t60 29 3579.29 9704.89
pt60t70 0 1509.61 11212.3
pt60t70 1 2595.62 11212.3
pt60t70 2 4475.56 11212.3
pt60t70 3 5033.31 11212.3
pt60t70 4 8198.1 11212.3
pt60t70 5 8263.65 11212.3
pt60t70 6 9138.7 11212.3
pt60t70 7 8745.26 11212.3
pt60t70 8 14547.4 11212.3
pt60t70 9 12699.3 11212.3
pt60t70 10 8025.98 11212.3
pt60t70 11 21272.6 11212.3
pt60t70 12 24326.8 11212.3
pt60t70 13 28404.1 11212.3
pt60t70 14 25302.2 11212.3
pt60t70 15 24787.5 11212.3
pt60t70 16 18103.7 11212.3
pt60t70 17 22728.9 11212.3
pt60t70 18 28375.9 11212.3
pt60t70 19 26931.9 11212.3
pt60t70 20 26247.5 11212.3
pt60t70 21 20405.1 11212.3
pt60t70 22 25900.1 11212.3
pt60t70 23 26488.6 11212.3
pt60t70 24 28125.1 11212.3
pt60t70 25 29763.5 11212.3
pt60t70 26 19414.1 11212.3
pt60t70 27 18735.6 11212.3
pt60t70 28 20893.9 11212.3
pt60t70 29 6074.85 11212.3
pt70t80 0 1174.53 9969.68
pt70t80 1 1689.62 9969.68
pt70t80 2 2995.13 9969.68
pt70t80 3 4467.67 9969.68
pt70t80 4 4714.89 9969.68
pt70t80 5 8316.89 9969.68
pt70t80 6 7307.71 9969.68
pt70t80 7 11966.3 9969.68
pt70t80 8 11971.7 9969.68
pt70t80 9 7481.54 9969.68
pt70t80 10 20060.3 9969.68
pt70t80 11 15227.2 9969.68
pt70t80 12 20809.9 9969.68
pt70t80 13 16639.3 9969.68
pt70t80 14 21041.9 9969.68
pt70t80 15 14352.6 9969.68
pt70t80 16 19828.7 9969.68
pt70t80 17 30110.9 9969.68
pt70t80 18 22956.3 9969.68
pt70t80 19 24959.4 9969.68
pt70t80 20 26078 9969.68
pt70t80 21 26875.9 9969.68
pt70t80 22 25759.3 9969.68
pt70t80 23 19272.3 9969.68
pt70t80 24 19883.7 9969.68
pt70t80 25 22384.5 9969.68
pt70t80 26 20318.6 9969.68
pt70t80 27 15947.8 9969.68
pt70t80 28 27828.2 9969.68
pt70t80 29 7256.81 9969.68
pt80t100 0 1641.46 11081.1
pt80t100 1 2122.92 11081.1
pt80t100 2 3444.38 11081.1
pt80t100 3 5455.53 11081.1
pt80t100 4 10433.1 11081.1
pt80t100 5 8989.94 11081.1
pt80t100 6 9577.1 11081.1
pt80t100 7 13707.4 11081.1
pt80t100 8 8815.54 11081.1
pt80t100 9 22949.3 11081.1
pt80t100 10 13094 11081.1
pt80t100 11 22814.1 11081.1
pt80t100 12 32375.4 11081.1
pt80t100 13 28035.5 11081.1
pt80t100 14 32369.9 11081.1
pt80t100 15 25815.3 11081.1
pt80t100 16 31380.9 11081.1
pt80t100 17 24819 11081.1
pt80t100 18 28949.8 11081.1
pt80t100 19 21550 11081.1
pt80t100 20 23330.5 11081.1
pt80t100 21 28025.9 11081.1
pt80t100 22 28217.1 11081.1
pt80t100 23 24481.5 11081.1
pt80t100 24 21207.7 11081.1
pt80t100 25 20849.7 11081.1
pt80t100 26 5603.99 11081.1
pt100t120 0 1367.69 12914.2
pt100t120 1 2333.03 12914.2
pt100t120 2 4974.42 12914.2
pt100t120 3 5298.12 12914.2
pt100t120 4 9916.84 12914.2
pt100t120 5 10072.7 12914.2
pt100t120 6 11176.5 12914.2
pt100t120 7 19611.4 12914.2
pt100t120 8 11795.1 12914.2
pt100t120 9 28704.3 12914.2
pt100t120 10 27155.8 12914.2
pt100t120 11 31774.4 12914.2
pt100t120 12 27254.5 12914.2
pt100t120 13 35139.2 12914.2
pt100t120 14 28108.1 12914.2
pt100t120 15 34418.5 12914.2
pt100t120 16 30175.1 12914.2
pt100t120 17 29976.2 12914.2
pt100t120 18 30360.8 12914.2
pt100t120 19 27386.2 12914.2
pt100t120 20 28181.6 12914.2
pt100t120 21 25016.8 12914.2
pt100t120 22 30226.7 12914.2
pt100t120 23 25853.6 12914.2
pt100t120 24 22075.9 12914.2
pt100t120 25 24922.4 12914.2
pt100t120 26 25069 12914.2
pt100t120 27 5705.12 12914.2
pt120t160 0 684.624 12364.3
pt120t160 1 2185.12 12364.3
pt120t160 2 3553.59 12364.3
pt120t160 3 6883.65 12364.3
pt120t160 4 10825.9 12364.3
pt120t160 5 14119.6 12364.3
pt120t160 6 14619 12364.3
pt120t160 7 15809.2 12364.3
pt120t160 8 13380.3 12364.3
pt120t160 9 32206.7 12364.3
pt120t160 10 24251.3 12364.3
pt120t160 11 32826.6 12364.3
pt120t160 12 29874.4 12364.3
pt120t160 13 26296.2 12364.3
pt120t160 14 27861.6 12364.3
pt120t160 15 38773.1 12364.3
pt120t160 16 41725.2 12364.3
pt120t160 17 38661 12364.3
pt120t160 18 30434.6 12364.3
pt120t160 19 32469.9 12364.3
pt120t160 20 32623 12364.3
pt120t160 21 23960.5 12364.3
pt120t160 22 37288.3 12364.3
pt120t160 23 26742.6 12364.3
pt120t160 24 26108.6 12364.3
pt120t160 25 19718.1 12364.3
pt120t160 26 29462.2 12364.3
pt120t160 27 4792.54 12364.3
pt160t210 0 954.536 12403.2
pt160t210 1 2066.83 12403.2
pt160t210 2 3920.66 12403.2
pt160t210 3 5538.6 12403.2
pt160t210 4 8066.66 12403.2
pt160t210 5 11007.1 12403.2
pt160t210 6 16911.1 12403.2
pt160t210 7 20732 12403.2
pt160t210 8 16370.2 12403.2
pt160t210 9 30551.5 12403.2
pt160t210 10 32290.9 12403.2
pt160t210 11 43318.1 12403.2
pt160t210 12 37033.3 12403.2
pt160t210 13 40800.6 12403.2
pt160t210 14 33660.6 12403.2
pt160t210 15 35279.2 12403.2
pt160t210 16 32968.6 12403.2
pt160t210 17 38953.4 12403.2
pt160t210 18 25162.2 12403.2
pt160t210 19 30444.1 12403.2
pt160t210 20 30946.7 12403.2
pt160t210 21 21768.5 12403.2
pt160t210 22 28212.5 12403.2
pt160t210 23 22846.5 12403.2
pt160t210 24 23789.3 12403.2
pt160t210 25 24857.9 12403.2
pt160t210 26 2781.12 12403.2
pt210t260 0 154.612 6217.76
pt210t260 1 1238.16 6217.76
pt210t260 2 1906.8 6217.76
pt210t260 3 4455.73 6217.76
pt210t260 4 5556.14 6217.76
pt210t260 5 5623.61 6217.76
pt210t260 6 9019.82 6217.76
pt210t260 7 9861.15 6217.76
pt210t260 8 14089.1 6217.76
pt210t260 9 11742.1 6217.76
pt210t260 10 17674.1 6217.76
pt210t260 11 20516.8 6217.76
pt210t260 12 17364.1 6217.76
pt210t260 13 22593.8 6217.76
pt210t260 14 18378 6217.76
pt210t260 15 20490 6217.76
pt210t260 16 17914.3 6217.76
pt210t260 17 17691 6217.76
pt210t260 18 15662.2 6217.76
pt210t260 19 20447.3 6217.76
pt210t260 20 13294.9 6217.76
pt210t260 21 12078.7 6217.76
pt210t260 22 16078.9 6217.76
pt210t260 23 13963.7 6217.76
pt210t260 24 12850 6217.76
pt210t260 25 14724.7 6217.76
pt210t260 26 1559.36 6217.76
pt260t320 0 229.025 3449.69
pt260t320 1 691.927 3449.69
pt260t320 2 1408.02 3449.69
pt260t320 3 2077.32 3449.69
pt260t320 4 3310.54 3449.69
pt260t320 5 4629.71 3449.69
pt260t320 6 5917.29 3449.69
pt260t320 7 6989.56 3449.69
pt260t320 8 9151.38 3449.69
pt260t320 9 9432.1 3449.69
pt260t320 10 10963.2 3449.69
pt260t320 11 12382.2 3449.69
pt260t320 12 14403.4 3449.69
pt260t320 13 11455 3449.69
pt260t320 14 11994.3 3449.69
pt260t320 15 10207.3 3449.69
pt260t320 16 12786.2 3449.69
pt260t320 17 8911.41 3449.69
pt260t320 18 8675.08 3449.69
pt260t320 19 6641.34 3449.69
pt260t320 20 9394.61 3449.69
pt260t320 21 5868.18 3449.69
pt260t320 22 9140.23 3449.69
pt260t320 23 8147.69 3449.69
pt260t320 24 7177.23 3449.69
pt260t320 25 1086.26 3449.69
pt320t400 0 13.32 6.62714
pt320t400 1 14.2867 6.62714
pt320t400 2 16.1116 6.62714
pt320t400 3 18.0249 6.62714
pt320t400 4 20.1965 6.62714
pt320t400 5 20.8573 6.62714
pt320t400 6 23.5393 6.62714
pt320t400 7 21.2022 6.62714
pt320t400 8 24.1928 6.62714
pt320t400 9 22.5473 6.62714
pt320t400 10 23.2955 6.62714
pt320t400 11 20.4567 6.62714
pt320t400 12 17.1819 6.62714
pt320t400 13 18.6282 6.62714
pt320t400 14 15.7629 6.62714
pt320t400 15 14.6677 6.62714
pt320t400 16 12.7515 6.62714
pt320t400 17 11.5272 6.62714
pt320t400 18 9.52485 6.62714
pt320t400 19 8.20418 6.62714
pt320t400 20 7.56731 6.62714
pt320t400 21 5.38282 6.62714
pt320t400 22 4.51824 6.62714
pt320t400 23 4.42216 6.62714
pt320t400 24 3.172 6.62714
pt400t500 0 14.2235 6.01361
pt400t500 1 14.2419 6.01361
pt400t500 2 15.9882 6.01361
pt400t500 3 17.5451 6.01361
pt400t500 4 21.4419 6.01361
pt400t500 5 22.9877 6.01361
pt400t500 6 22.0779 6.01361
pt400t500 7 22.6865 6.01361
pt400t500 8 21.0876 6.01361
pt400t500 9 21.0885 6.01361
pt400t500 10 20.4462 6.01361
pt400t500 11 19.6137 6.01361
pt400t500 12 16.7667 6.01361
pt400t500 13 17.1484 6.01361
pt400t500 14 12.6043 6.01361
pt400t500 15 12.36 6.01361
pt400t500 16 9.55173 6.01361
pt400t500 17 10.1325 6.01361
pt400t500 18 7.36985 6.01361
pt400t500 19 6.83423 6.01361
pt400t500 20 6.25375 6.01361
pt400t500 21 5.65395 6.01361
pt400t500 22 4.0369 6.01361
pt400t500 23 3.74186 6.01361
pt400t500 24 2.87208 6.01361
pt500t670 0 12.2376 4.52168
pt500t670 1 13.3394 4.52168
pt500t670 2 15.4512 4.52168
pt500t670 3 16.8165 4.52168
pt500t670 4 18.185 4.52168
pt500t670 5 18.3654 4.52168
pt500t670 6 18.2401 4.52168
pt500t670 7 19.7076 4.52168
pt500t670 8 19.819 4.52168
pt500t670 9 17.86 4.52168
pt500t670 10 16.6936 4.52168
pt500t670 11 14.453 4.52168
pt500t670 12 14.6678 4.52168
pt500t670 13 12.1432 4.52168
pt500t670 14 10.7844 4.52168
pt500t670 15 10.6778 4.52168
pt500t670 16 8.99043 4.52168
pt500t670 17 7.28213 4.52168
pt500t670 18 6.73951 4.52168
pt500t670 19 5.6137 4.52168
pt500t670 20 5.75604 4.52168
pt500t670 21 4.61701 4.52168
pt500t670 22 3.66337 4.52168
pt500t670 23 2.5593 4.52168
nosel 0 16092.5 16105.2
nosel 1 10776.8 16105.2
nosel 2 12628.7 16105.2
nosel 3 15804.2 16105.2
nosel 4 10663.4 16105.2
nosel 5 -15979.8 16105.2
nosel 6 49792.4 16105.2
nosel 7 45078.2 16105.2
nosel 8 66556.8 16105.2
nosel 9 9958.09 16105.2
nosel 10 8434.2 16105.2
nosel 11 7561.88 16105.2
nosel 12 8950.03 16105.2
nosel 13 8212.31 16105.2
nosel 14 6574.69 16105.2
nosel 15 13241.1 16105.2
nosel 16 13417.2 16105.2
nosel 17 12382.4 16105.2
nosel 18 33233.4 16105.2
nosel 19 36246.7 16105.2
nosel 20 44198 16105.2
nosel 21 59566.8 16105.2
nosel 22 61054 16105.2
nosel 23 68631.1 16105.2
nosel 24 56113.3 16105.2
pt20t30 0 6966.2 5862.33
pt20t30 1 5912.05 5862.33
pt20t30 2 4811.05 5862.33
pt20t30 3 4246.19 5862.33
pt20t30 4 5082.1 5862.33
pt20t30 5 6839.92 5862.33
pt20t30 6 7837.78 5862.33
pt20t30 7 8768.76 5862.33
pt20t30 8 6696.73 5862.33
pt20t30 9 6189.84 5862.33
pt20t30 10 5577.93 5862.33
pt20t30 11 6289.33 5862.33
pt20t30 12 -414.831 5862.33
pt20t30 13 11215.3 5862.33
pt20t30 14 9738.25 5862.33
pt20t30 15 12323.6 5862.33
pt20t30 16 11190.7 5862.33
pt20t30 17 13292 5862.33
pt20t30 18 16632.2 5862.33
pt20t30 19 10126.5 5862.33
pt20t30 20 10240.6 5862.33
pt20t30 21 6894.67 5862.33
pt20t30 22 5574.31 5862.33
pt20t30 23 7830.07 5862.33
pt20t30 24 9143.4 5862.33
pt20t30 25 6096.48 5862.33
pt20t30 26 12290.6 5862.33
pt20t30 27 12801.4 5862.33
pt20t30 28 2621.19 5862.33
pt30t40 0 8444.09 12043
pt30t40 1 7089.56 12043
pt30t40 2 2725.86 12043
pt30t40 3 5076.41 12043
pt30t40 4 6055.39 12043
pt30t40 5 9608.5 12043
pt30t40 6 12231.6 12043
pt30t40 7 8531.28 12043
pt30t40 8 11834.1 12043
pt30t40 9 14681.6 12043
pt30t40 10 -423.053 12043
pt30t40 11 17503.2 12043
pt30t40 12 22935.1 12043
pt30t40 13 32860.9 12043
pt30t40 14 31468.3 12043
pt30t40 15 29195.6 12043
pt30t40 16 32893.9 12043
pt30t40 17 13954.3 12043
pt30t40 18 14014.5 12043
pt30t40 19 12052.8 12043
pt30t40 20 12490.3 12043
pt30t40 21 16164.8 12043
pt30t40 22 16157.4 12043
pt30t40 23 13190.3 12043
pt30t40 24 16528.4 12043
pt30t40 25 16348.4 12043
pt30t40 26 13099.2 12043
pt30t40 27 4084.69 12043
pt40t50 0 859.025 11155.3
pt40t50 1 1390.58 11155.3
pt40t50 2 3114.3 11155.3
pt40t50 3 5910.16 11155.3
pt40t50 4 7562.98 11155.3
pt40t50 5 3139.29 11155.3
pt40t50 6 5804.69 11155.3
pt40t50 7 14314 11155.3
pt40t50 8 -489.545 11155.3
pt40t50 9 19814.3 11155.3
pt40t50 10 25700.7 11155.3
pt40t50 11 19966.8 11155.3
pt40t50 12 25902.5 11155.3
pt40t50 13 18340.4 11155.3
pt40t50 14 16058.3 11155.3
pt40t50 15 18584.9 11155.3
pt40t50 16 15343.8 11155.3
pt40t50 17 22170.8 11155.3
pt40t50 18 17649.2 11155.3
pt40t50 19 18474.1 11155.3
pt40t50 20 17142.6 11155.3
pt40t50 21 16296.8 11155.3
pt40t50 22 16024.4 11155.3
pt40t50 23 14844 11155.3
pt40t50 24 16207.1 11155.3
pt40t50 25 18363.8 11155.3
pt40t50 26 5108.86 11155.3
pt50t60 0 4967.67 8822.72
pt50t60 1 3792.31 8822.72
pt50t60 2 5803.52 8822.72
pt50t60 3 2885.94 8822.72
pt50t60 4 1368.7 8822.72
pt50t60 5 1533.22 8822.72
pt50t60 6 7247.02 8822.72
pt50t60 7 8314.01 8822.72
pt50t60 8 1641.87 8822.72
pt50t60 9 17068.7 8822.72
pt50t60 10 15927.3 8822.72
pt50t60 11 13188.8 8822.72
pt50t60 12 14249.7 8822.72
pt50t60 13 17403 8822.72
pt50t60 14 15290.9 8822.72
pt50t60 15 12291.3 8822.72
pt50t60 16 15656.3 8822.72
pt50t60 17 19269.7 8822.72
pt50t60 18 14147 8822.72
pt50t60 19 8720.88 8822.72
pt50t60 20 15967.7 8822.72
pt50t60 21 19876.2 8822.72
pt50t60 22 19294.8 8822.72
pt50t60 23 17468.4 8822.72
pt50t60 24 17707.2 8822.72
pt50t60 25 14955.2 8822.72
pt50t60 26 3366.06 8822.72
pt60t70 0 3825.84 10730.3
pt60t70 1 4028.04 10730.3
pt60t70 2 3087.47 10730.3
pt60t70 3 5618.19 10730.3
pt60t70 4 3926.64 10730.3
pt60t70 5 4468.06 10730.3
pt60t70 6 5772.47 10730.3
pt60t70 7 364.784 10730.3
pt60t70 8 14889.5 10730.3
pt60t70 9 15843 10730.3
pt60t70 10 23317.1 10730.3
pt60t70 11 17723.1 10730.3
pt60t70 12 19690.3 10730.3
pt60t70 13 13511.5 10730.3
pt60t70 14 19524.2 10730.3
pt60t70 15 21570 10730.3
pt60t70 16 21166.6 10730.3
pt60t70 17 13133.7 10730.3
pt60t70 18 18746.5 10730.3
pt60t70 19 16579.2 10730.3
pt60t70 20 20009.5 10730.3
pt60t70 21 13201.2 10730.3
pt60t70 22 10629 10730.3
pt60t70 23 14448.2 10730.3
pt60t70 24 16561.5 10730.3
pt60t70 25 5518.8 10730.3
pt70t80 0 3278.56 8797.38
pt70t80 1 3028.03 8797.38
pt70t80 2 3450.45 8797.38
pt70t80 3 3685.08 8797.38
pt70t80 4 2754.97 8797.38
pt70t80 5 3091.09 8797.38
pt70t80 6 4622.07 8797.38
pt70t80 7 2569.44 8797.38
pt70t80 8 12333.3 8797.38
pt70t80 9 9917.87 8797.38
pt70t80 10 13538 8797.38
pt70t80 11 11313.1 8797.38
pt70t80 12 13291.8 8797.38
pt70t80 13 11104.6 8797.38
pt70t80 14 19434.7 8797.38
pt70t80 15 16685 8797.38
pt70t80 16 16684 8797.38
pt70t80 17 16432.2 8797.38
pt70t80 18 17711.2 8797.38
pt70t80 19 16704.5 8797.38
pt70t80 20 12675.5 8797.38
pt70t80 21 14421.2 8797.38
pt70t80 22 14647.1 8797.38
pt70t80 23 8073.38 8797.38
pt70t80 24 15134.9 8797.38
pt70t80 25 13755.5 8797.38
pt70t80 26 6291.47 8797.38
pt80t100 0 5460.78 10349.4
pt80t100 1 3192.26 10349.4
pt80t100 2 3524.83 10349.4
pt80t100 3 3812.79 10349.4
pt80t100 4 -155.735 10349.4
pt80t100 5 3758.57 10349.4
pt80t100 6 6052.02 10349.4
pt80t100 7 1390.39 10349.4
pt80t100 8 10810.7 10349.4
pt80t100 9 7710.26 10349.4
pt80t100 10 21002.6 10349.4
pt80t100 11 13860.8 10349.4
pt80t100 12 21104.2 10349.4
pt80t100 13 27446 10349.4
pt80t100 14 24085.2 10349.4
pt80t100 15 19665.3 10349.4
pt80t100 16 19802 10349.4
pt80t100 17 16393.6 10349.4
pt80t100 18 16653.8 10349.4
pt80t100 19 20603.1 10349.4
pt80t100 20 20210.1 10349.4
pt80t100 21 17877.4 10349.4
pt80t100 22 14513.8 10349.4
pt80t100 23 16243.5 10349.4
pt80t100 24 9950.03 10349.4
pt80t100 25 17799.9 10349.4
pt80t100 26 5750.04 10349.4
pt100t120 0 8032.43 11624.4
pt100t120 1 5096.66 11624.4
pt100t120 2 4508.78 11624.4
pt100t120 3 4379.89 11624.4
pt100t120 4 6548.59 11624.4
pt100t120 5 1427.93 11624.4
pt100t120 6 3846.62 11624.4
pt100t120 7 2217.86 11624.4
pt100t120 8 13452.8 11624.4
pt100t120 9 12172.6 11624.4
pt100t120 10 20668.8 11624.4
pt100t120 11 21026.6 11624.4
pt100t120 12 21281.1 11624.4
pt100t120 13 24344.5 11624.4
pt100t120 14 24409.7 11624.4
pt100t120 15 19221 11624.4
pt100t120 16 20363.8 11624.4
pt100t120 17 18130.1 11624.4
pt100t120 18 17355.6 11624.4
pt100t120 19 16611.8 11624.4
pt100t120 20 18054.9 11624.4
pt100t120 21 16127.6 11624.4
pt100t120 22 14899.1 11624.4
pt100t120 23 14773.9 11624.4
pt100t120 24 17450 11624.4
pt100t120 25 17440.9 11624.4
pt100t120 26 4057.84 11624.4
pt120t160 0 6018.26 10939.3
pt120t160 1 6759.28 10939.3
pt120t160 2 5547.41 10939.3
pt120t160 3 5453.65 10939.3
pt120t160 4 3126.91 10939.3
pt120t160 5 -719.528 10939.3
pt120t160 6 2528.13 10939.3
pt120t160 7 1732.58 10939.3
pt120t160 8 15839.3 10939.3
pt120t160 9 13679.8 10939.3
pt120t160 10 16872.1 10939.3
pt120t160 11 18754.7 10939.3
pt120t160 12 18137.7 10939.3
pt120t160 13 30404.9 10939.3
pt120t160 14 26740.1 10939.3
pt120t160 15 22350.4 10939.3
pt120t160 16 18784.4 10939.3
pt120t160 17 19556.9 10939.3
pt120t160 18 16159.8 10939.3
pt120t160 19 18650 10939.3
pt120t160 20 14640.7 10939.3
pt120t160 21 14426.8 10939.3
pt120t160 22 13946.8 10939.3
pt120t160 23 18054.4 10939.3
pt120t160 24 18825.5 10939.3
pt120t160 25 20078 10939.3
pt120t160 26 3757.73 10939.3
pt160t210 0 4150.07 10695.2
pt160t210 1 5961.36 10695.2
pt160t210 2 6023.89 10695.2
pt160t210 3 2743.11 10695.2
pt160t210 4 536.309 10695.2
pt160t210 5 1435.65 10695.2
pt160t210 6 4030.8 10695.2
pt160t210 7 -1910.92 10695.2
pt160t210 8 13799.1 10695.2
pt160t210 9 17365.1 10695.2
pt160t210 10 25963.9 10695.2
pt160t210 11 28117.9 10695.2
pt160t210 12 23312.3 10695.2
pt160t210 13 23090.3 10695.2
pt160t210 14 18071.7 10695.2
pt160t210 15 22441.8 10695.2
pt160t210 16 18372.5 10695.2
pt160t210 17 18340.5 10695.2
pt160t210 18 11918.4 10695.2
pt160t210 19 16922 10695.2
pt160t210 20 13471.9 10695.2
pt160t210 21 13840.9 10695.2
pt160t210 22 11404 10695.2
pt160t210 23 13423.2 10695.2
pt160t210 24 11674.7 10695.2
pt160t210 25 2035.52 10695.2
pt210t260 0 1511.18 5509.79
pt210t260 1 2422.11 5509.79
pt210t260 2 2389.61 5509.79
pt210t260 3 2809.54 5509.79
pt210t260 4 -179.346 5509.79
pt210t260 5 1127.48 5509.79
pt210t260 6 2173.65 5509.79
pt210t260 7 2394.27 5509.79
pt210t260 8 7098.11 5509.79
pt210t260 9 10753.3 5509.79
pt210t260 10 10718.9 5509.79
pt210t260 11 13314 5509.79
pt210t260 12 11376.2 5509.79
pt210t260 13 12024.3 5509.79
pt210t260 14 10666.6 5509.79
pt210t260 15 10006 5509.79
pt210t260 16 9859.54 5509.79
pt210t260 17 9872.68 5509.79
pt210t260 18 5335.82 5509.79
pt210t260 19 9780.18 5509.79
pt210t260 20 7088.61 5509.79
pt210t260 21 7725.19 5509.79
pt210t260 22 8149.08 5509.79
pt210t260 23 4675.89 5509.79
pt210t260 24 7819 5509.79
pt210t260 25 1072 5509.79
pt260t320 0 933.899 2712.46
pt260t320 1 1386.38 2712.46
pt260t320 2 1288.42 2712.46
pt260t320 3 716.829 2712.46
pt260t320 4 423.555 2712.46
pt260t320 5 341.733 2712.46
pt260t320 6 550.27 2712.46
pt260t320 7 944.274 2712.46
pt260t320 8 2257.38 2712.46
pt260t320 9 5058.7 2712.46
pt260t320 10 7698.64 2712.46
pt260t320 11 6713.58 2712.46
pt260t320 12 7167.11 2712.46
pt260t320 13 6775.03 2712.46
pt260t320 14 7159.36 2712.46
pt260t320 15 4737.81 2712.46
pt260t320 16 4089.18 2712.46
pt260t320 17 5103.09 2712.46
pt260t320 18 3535.46 2712.46
pt260t320 19 4193.5 2712.46
pt260t320 20 4532.4 2712.46
pt260t320 21 3105.5 2712.46
pt260t320 22 3734.78 2712.46
pt260t320 23 3117.73 2712.46
pt260t320 24 4129.64 2712.46
pt260t320 25 797.705 2712.46
pt320t400 0 5.94346 25.6445
pt320t400 1 8.18617 25.6445
pt320t400 2 19.1482 25.6445
pt320t400 3 31.1621 25.6445
pt320t400 4 36.7404 25.6445
pt320t400 5 46.4054 25.6445
pt320t400 6 47.0524 25.6445
pt320t400 7 52.415 25.6445
pt320t400 8 54.1729 25.6445
pt320t400 9 51.5658 25.6445
pt320t400 10 45.0846 25.6445
pt320t400 11 44.9955 25.6445
pt320t400 12 39.1268 25.6445
pt320t400 13 35.9542 25.6445
pt320t400 14 30.2073 25.6445
pt320t400 15 27.0921 25.6445
pt320t400 16 23.2153 25.6445
pt320t400 17 19.1184 25.6445
pt320t400 18 15.8321 25.6445
pt320t400 19 11.0956 25.6445
pt320t400 20 10.7749 25.6445
pt320t400 21 9.46178 25.6445
pt320t400 22 6.7416 25.6445
pt320t400 23 5.49859 25.6445
pt320t400 24 3.73789 25.6445
pt400t500 0 7.88908 24.261
pt400t500 1 9.06948 24.261
pt400t500 2 17.888 24.261
pt400t500 3 30.973 24.261
pt400t500 4 41.0846 24.261
pt400t500 5 45.0811 24.261
pt400t500 6 48.4683 24.261
pt400t500 7 47.1468 24.261
pt400t500 8 50.5061 24.261
pt400t500 9 51.912 24.261
pt400t500 10 44.9364 24.261
pt400t500 11 43.8218 24.261
pt400t500 12 34.61 24.261
pt400t500 13 32.6409 24.261
pt400t500 14 26.5209 24.261
pt400t500 15 23.3229 24.261
pt400t500 16 17.4827 24.261
pt400t500 17 17.6048 24.261
pt400t500 18 16.0196 24.261
pt400t500 19 11.2478 24.261
pt400t500 20 9.87656 24.261
pt400t500 21 10.0645 24.261
pt400t500 22 6.45794 24.261
pt400t500 23 7.0842 24.261
pt400t500 24 3.20709 24.261
pt500t670 0 5.85366 20.62
pt500t670 1 9.75075 20.62
pt500t670 2 23.2167 20.62
pt500t670 3 32.6088 20.62
pt500t670 4 38.3714 20.62
pt500t670 5 39.8279 20.62
pt500t670 6 46.3842 20.62
pt500t670 7 50.945 20.62
pt500t670 8 43.6628 20.62
pt500t670 9 42.4117 20.62
pt500t670 10 40.1873 20.62
pt500t670 11 36.538 20.62
pt500t670 12 30.6763 20.62
pt500t670 13 29.6091 20.62
pt500t670 14 24.5349 20.62
pt500t670 15 22.2974 20.62
pt500t670 16 16.8994 20.62
pt500t670 17 16.5247 20.62
pt500t670 18 14.2374 20.62
pt500t670 19 10.8592 20.62
pt500t670 20 9.21275 20.62
pt500t670 21 7.21769 20.62
pt500t670 22 6.57925 20.62
pt500t670 23 5.58033 20.62
pt500t670 24 3.42883 20.62
