nosel 0 3.70007 869.847
nosel 1 17.2565 869.847
nosel 2 33.8088 869.847
nosel 3 154.889 869.847
nosel 4 554.503 869.847
nosel 5 745.583 869.847
nosel 6 5228.27 869.847
nosel 7 6856.93 869.847
nosel 8 7496.78 869.847
nosel 9 2484.98 869.847
nosel 10 2818.46 869.847
nosel 11 3879.3 869.847
nosel 12 2733.14 869.847
nosel 13 3069.02 869.847
nosel 14 3803 869.847
nosel 15 5665.32 869.847
nosel 16 6441.75 869.847
nosel 17 7964.14 869.847
nosel 18 13695.9 869.847
nosel 19 17320.8 869.847
nosel 20 23713 869.847
nosel 21 39643.6 869.847
nosel 22 49921.7 869.847
nosel 23 69143.7 869.847
nosel 24 44170.5 869.847
pt20t30 0 617.588 2265.25
pt20t30 1 3192.06 2265.25
pt20t30 2 1847.94 2265.25
pt20t30 3 27433.3 2265.25
pt20t30 4 2067.9 2265.25
pt20t30 5 1149.02 2265.25
pt20t30 6 3132.18 2265.25
pt20t30 7 5799.47 2265.25
pt20t30 8 11032 2265.25
pt20t30 9 4048.59 2265.25
pt20t30 10 4725.82 2265.25
pt20t30 11 7028.21 2265.25
pt20t30 12 11575.6 2265.25
pt20t30 13 13334.5 2265.25
pt20t30 14 15945.4 2265.25
pt20t30 15 39844.5 2265.25
pt20t30 16 45960.8 2265.25
pt20t30 17 55383.5 2265.25
pt20t30 18 117191 2265.25
pt20t30 19 156786 2265.25
pt20t30 20 206289 2265.25
pt20t30 21 546794 2265.25
pt20t30 22 538704 2265.25
pt20t30 23 361571 2265.25
pt20t30 24 1.64882e+06 2265.25
pt30t40 0 730.498 3523.18
pt30t40 1 3414.25 3523.18
pt30t40 2 3489.22 3523.18
pt30t40 3 15167.8 3523.18
pt30t40 4 3843.73 3523.18
pt30t40 5 1658.24 3523.18
pt30t40 6 9366.24 3523.18
pt30t40 7 18197.4 3523.18
pt30t40 8 32484.9 3523.18
pt30t40 9 5832.29 3523.18
pt30t40 10 7553.75 3523.18
pt30t40 11 12721 3523.18
pt30t40 12 8430.63 3523.18
pt30t40 13 9512.95 3523.18
pt30t40 14 11725.9 3523.18
pt30t40 15 18036.2 3523.18
pt30t40 16 19299.2 3523.18
pt30t40 17 23757.7 3523.18
pt30t40 18 46964.8 3523.18
pt30t40 19 59294.5 3523.18
pt30t40 20 68850.1 3523.18
pt30t40 21 141851 3523.18
pt30t40 22 144215 3523.18
pt30t40 23 316455 3523.18
pt30t40 24 209561 3523.18
pt40t50 0 364.989 5774.77
pt40t50 1 3359.75 5774.77
pt40t50 2 2784.28 5774.77
pt40t50 3 3984.04 5774.77
pt40t50 4 4624.94 5774.77
pt40t50 5 2676.6 5774.77
pt40t50 6 30169.2 5774.77
pt40t50 7 46723 5774.77
pt40t50 8 27882 5774.77
pt40t50 9 11192.1 5774.77
pt40t50 10 17801.9 5774.77
pt40t50 11 40359.7 5774.77
pt40t50 12 11351 5774.77
pt40t50 13 14414.3 5774.77
pt40t50 14 19664.8 5774.77
pt40t50 15 16861.1 5774.77
pt40t50 16 18912.5 5774.77
pt40t50 17 24088.1 5774.77
pt40t50 18 34356.4 5774.77
pt40t50 19 39680 5774.77
pt40t50 20 55414 5774.77
pt40t50 21 85777.9 5774.77
pt40t50 22 111513 5774.77
pt40t50 23 153353 5774.77
pt40t50 24 99936.5 5774.77
pt50t60 0 226.558 6731.16
pt50t60 1 1893.08 6731.16
pt50t60 2 2500.03 6731.16
pt50t60 3 2277.97 6731.16
pt50t60 4 2630.63 6731.16
pt50t60 5 2460.95 6731.16
pt50t60 6 37120.8 6731.16
pt50t60 7 60928.9 6731.16
pt50t60 8 18171.9 6731.16
pt50t60 9 18463.5 6731.16
pt50t60 10 29812.7 6731.16
pt50t60 11 52920.9 6731.16
pt50t60 12 14692.7 6731.16
pt50t60 13 16668.4 6731.16
pt50t60 14 23915.4 6731.16
pt50t60 15 15130.5 6731.16
pt50t60 16 17138.9 6731.16
pt50t60 17 21859.5 6731.16
pt50t60 18 24868.9 6731.16
pt50t60 19 30442.5 6731.16
pt50t60 20 35724.7 6731.16
pt50t60 21 49040.7 6731.16
pt50t60 22 62971.9 6731.16
pt50t60 23 91319.8 6731.16
pt50t60 24 50625.4 6731.16
pt60t70 0 177.718 9552.38
pt60t70 1 1396.31 9552.38
pt60t70 2 2384.57 9552.38
pt60t70 3 1565.61 9552.38
pt60t70 4 2055.3 9552.38
pt60t70 5 3748.24 9552.38
pt60t70 6 51783.3 9552.38
pt60t70 7 55258.1 9552.38
pt60t70 8 24790.9 9552.38
pt60t70 9 32018.3 9552.38
pt60t70 10 61513.7 9552.38
pt60t70 11 86507.7 9552.38
pt60t70 12 23253.2 9552.38
pt60t70 13 29679.2 9552.38
pt60t70 14 38140.4 9552.38
pt60t70 15 20915.5 9552.38
pt60t70 16 26452.4 9552.38
pt60t70 17 30695.7 9552.38
pt60t70 18 28062.8 9552.38
pt60t70 19 36122 9552.38
pt60t70 20 44436.1 9552.38
pt60t70 21 44205.1 9552.38
pt60t70 22 62477.5 9552.38
pt60t70 23 79037.9 9552.38
pt60t70 24 38158.3 9552.38
pt70t80 0 244.583 9645.71
pt70t80 1 1280.6 9645.71
pt70t80 2 3423.15 9645.71
pt70t80 3 2034.65 9645.71
pt70t80 4 2457.25 9645.71
pt70t80 5 4708.98 9645.71
pt70t80 6 49061.4 9645.71
pt70t80 7 51818.1 9645.71
pt70t80 8 25892.7 9645.71
pt70t80 9 37668.6 9645.71
pt70t80 10 66664.2 9645.71
pt70t80 11 63128.5 9645.71
pt70t80 12 28510 9645.71
pt70t80 13 40771.9 9645.71
pt70t80 14 52061.6 9645.71
pt70t80 15 23569.5 9645.71
pt70t80 16 23131.7 9645.71
pt70t80 17 34548.8 9645.71
pt70t80 18 33178.5 9645.71
pt70t80 19 38867.9 9645.71
pt70t80 20 47065.2 9645.71
pt70t80 21 47072.7 9645.71
pt70t80 22 55136.3 9645.71
pt70t80 23 67729.7 9645.71
pt70t80 24 32182.9 9645.71
pt80t100 0 233.155 10055.2
pt80t100 1 1173.15 10055.2
pt80t100 2 5226.02 10055.2
pt80t100 3 2417.6 10055.2
pt80t100 4 2010.83 10055.2
pt80t100 5 4123.14 10055.2
pt80t100 6 43521.4 10055.2
pt80t100 7 53146.6 10055.2
pt80t100 8 22810.2 10055.2
pt80t100 9 51507.8 10055.2
pt80t100 10 91783.1 10055.2
pt80t100 11 91890 10055.2
pt80t100 12 28937.5 10055.2
pt80t100 13 43289.8 10055.2
pt80t100 14 63249 10055.2
pt80t100 15 21674 10055.2
pt80t100 16 23718.8 10055.2
pt80t100 17 32642.8 10055.2
pt80t100 18 12264.6 10055.2
pt80t100 19 29178.8 10055.2
pt80t100 20 34700.5 10055.2
pt80t100 21 35632 10055.2
pt80t100 22 43366 10055.2
pt80t100 23 50081 10055.2
pt80t100 24 19889.8 10055.2
pt100t120 0 333.411 11418.7
pt100t120 1 1037.27 11418.7
pt100t120 2 11426.1 11418.7
pt100t120 3 2740.47 11418.7
pt100t120 4 2563.73 11418.7
pt100t120 5 5558.49 11418.7
pt100t120 6 30877.9 11418.7
pt100t120 7 48119.2 11418.7
pt100t120 8 35590 11418.7
pt100t120 9 66907.4 11418.7
pt100t120 10 98060.7 11418.7
pt100t120 11 92565.7 11418.7
pt100t120 12 45701.4 11418.7
pt100t120 13 64083.6 11418.7
pt100t120 14 71367.6 11418.7
pt100t120 15 32015.2 11418.7
pt100t120 16 34475.7 11418.7
pt100t120 17 44482.3 11418.7
pt100t120 18 34712.2 11418.7
pt100t120 19 36309.8 11418.7
pt100t120 20 49475.3 11418.7
pt100t120 21 35619.8 11418.7
pt100t120 22 57977.6 11418.7
pt100t120 23 55390.8 11418.7
pt100t120 24 18794 11418.7
pt120t160 0 368.902 10524.8
pt120t160 1 982.093 10524.8
pt120t160 2 16597.4 10524.8
pt120t160 3 4286.5 10524.8
pt120t160 4 3271.05 10524.8
pt120t160 5 4934.68 10524.8
pt120t160 6 23951.4 10524.8
pt120t160 7 46639.4 10524.8
pt120t160 8 41964.5 10524.8
pt120t160 9 63869.7 10524.8
pt120t160 10 96217.3 10524.8
pt120t160 11 105134 10524.8
pt120t160 12 42842.1 10524.8
pt120t160 13 59360.4 10524.8
pt120t160 14 67317.3 10524.8
pt120t160 15 34301.4 10524.8
pt120t160 16 40574.9 10524.8
pt120t160 17 44996.7 10524.8
pt120t160 18 33183.1 10524.8
pt120t160 19 37618.3 10524.8
pt120t160 20 42280.7 10524.8
pt120t160 21 36810.7 10524.8
pt120t160 22 44620.5 10524.8
pt120t160 23 54738.6 10524.8
pt120t160 24 13311.9 10524.8
pt160t210 0 476.126 10581.2
pt160t210 1 841.604 10581.2
pt160t210 2 14252.3 10581.2
pt160t210 3 5601.49 10581.2
pt160t210 4 2974.27 10581.2
pt160t210 5 4784.93 10581.2
pt160t210 6 20759.2 10581.2
pt160t210 7 50485.9 10581.2
pt160t210 8 64057.6 10581.2
pt160t210 9 76724.4 10581.2
pt160t210 10 78291.5 10581.2
pt160t210 11 75652 10581.2
pt160t210 12 49879.6 10581.2
pt160t210 13 58036.7 10581.2
pt160t210 14 49573.5 10581.2
pt160t210 15 34460.4 10581.2
pt160t210 16 29882.7 10581.2
pt160t210 17 40710.4 10581.2
pt160t210 18 36551.6 10581.2
pt160t210 19 42749.3 10581.2
pt160t210 20 43866.5 10581.2
pt160t210 21 46665.5 10581.2
pt160t210 22 54418.3 10581.2
pt160t210 23 55966.4 10581.2
pt160t210 24 16027.8 10581.2
pt210t260 0 465.587 6345.9
pt210t260 1 853.661 6345.9
pt210t260 2 7998.13 6345.9
pt210t260 3 6328.56 6345.9
pt210t260 4 4058.17 6345.9
pt210t260 5 5965.86 6345.9
pt210t260 6 13402.3 6345.9
pt210t260 7 36162.6 6345.9
pt210t260 8 55706.4 6345.9
pt210t260 9 55147 6345.9
pt210t260 10 9698.91 6345.9
pt210t260 11 47760.5 6345.9
pt210t260 12 27182.9 6345.9
pt210t260 13 32906.8 6345.9
pt210t260 14 30312.4 6345.9
pt210t260 15 25738.8 6345.9
pt210t260 16 26885.2 6345.9
pt210t260 17 24167.7 6345.9
pt210t260 18 27386.2 6345.9
pt210t260 19 28093.3 6345.9
pt210t260 20 32103.3 6345.9
pt210t260 21 32761.3 6345.9
pt210t260 22 37119.8 6345.9
pt210t260 23 49508.2 6345.9
pt210t260 24 14607 6345.9
pt260t320 0 560.116 4358.06
pt260t320 1 741.873 4358.06
pt260t320 2 4606.54 4358.06
pt260t320 3 5667.35 4358.06
pt260t320 4 2619.18 4358.06
pt260t320 5 8296 4358.06
pt260t320 6 10859.4 4358.06
pt260t320 7 24926.1 4358.06
pt260t320 8 35910.1 4358.06
pt260t320 9 29729.5 4358.06
pt260t320 10 27142.3 4358.06
pt260t320 11 28367.7 4358.06
pt260t320 12 21200 4358.06
pt260t320 13 21043.7 4358.06
pt260t320 14 18124.3 4358.06
pt260t320 15 17613.2 4358.06
pt260t320 16 19053.4 4358.06
pt260t320 17 18831.2 4358.06
pt260t320 18 21900.3 4358.06
pt260t320 19 24688.9 4358.06
pt260t320 20 24007.1 4358.06
pt260t320 21 30506.8 4358.06
pt260t320 22 33776.9 4358.06
pt260t320 23 38612.5 4358.06
pt260t320 24 15656.8 4358.06
pt320t400 0 132.761 3712.61
pt320t400 1 533.22 3712.61
pt320t400 2 5644.82 3712.61
pt320t400 3 2005.94 3712.61
pt320t400 4 1473.37 3712.61
pt320t400 5 2803.35 3712.61
pt320t400 6 5419.79 3712.61
pt320t400 7 15114 3712.61
pt320t400 8 29058.1 3712.61
pt320t400 9 28419.8 3712.61
pt320t400 10 30709.7 3712.61
pt320t400 11 30767.1 3712.61
pt320t400 12 23463.2 3712.61
pt320t400 13 23839.2 3712.61
pt320t400 14 24122.5 3712.61
pt320t400 15 21091.1 3712.61
pt320t400 16 23515.2 3712.61
pt320t400 17 27723.5 3712.61
pt320t400 18 28745.6 3712.61
pt320t400 19 36208.5 3712.61
pt320t400 20 36529.8 3712.61
pt320t400 21 52451.5 3712.61
pt320t400 22 50299.8 3712.61
pt320t400 23 71918.3 3712.61
pt320t400 24 25734.3 3712.61
pt400t500 0 197.216 2469.54
pt400t500 1 480.269 2469.54
pt400t500 2 4166.88 2469.54
pt400t500 3 2351.34 2469.54
pt400t500 4 2556.28 2469.54
pt400t500 5 2904.2 2469.54
pt400t500 6 6380.62 2469.54
pt400t500 7 12083.8 2469.54
pt400t500 8 21596.1 2469.54
pt400t500 9 14518.5 2469.54
pt400t500 10 16104 2469.54
pt400t500 11 16663.1 2469.54
pt400t500 12 17877.2 2469.54
pt400t500 13 16395.8 2469.54
pt400t500 14 17682.1 2469.54
pt400t500 15 18363.6 2469.54
pt400t500 16 23619 2469.54
pt400t500 17 24905.3 2469.54
pt400t500 18 30807.7 2469.54
pt400t500 19 29786.9 2469.54
pt400t500 20 33125.1 2469.54
pt400t500 21 42986.6 2469.54
pt400t500 22 46032.5 2469.54
pt400t500 23 48138 2469.54
pt400t500 24 27141.9 2469.54
pt500t600 0 312.656 1627.1
pt500t600 1 404.142 1627.1
pt500t600 2 2414.99 1627.1
pt500t600 3 1275.01 1627.1
pt500t600 4 4662.56 1627.1
pt500t600 5 2408.63 1627.1
pt500t600 6 6359.67 1627.1
pt500t600 7 7763.96 1627.1
pt500t600 8 10201.4 1627.1
pt500t600 9 10818.3 1627.1
pt500t600 10 11260.4 1627.1
pt500t600 11 11864.4 1627.1
pt500t600 12 11552.6 1627.1
pt500t600 13 12816.5 1627.1
pt500t600 14 13645 1627.1
pt500t600 15 16445 1627.1
pt500t600 16 18508.9 1627.1
pt500t600 17 13991.2 1627.1
pt500t600 18 23235.6 1627.1
pt500t600 19 24881.9 1627.1
pt500t600 20 27064.2 1627.1
pt500t600 21 30384 1627.1
pt500t600 22 39941.3 1627.1
pt500t600 23 41775.8 1627.1
pt500t600 24 31004.2 1627.1
pt600t800 0 210.146 1088.47
pt600t800 1 155.191 1088.47
pt600t800 2 1686.73 1088.47
pt600t800 3 1035.51 1088.47
pt600t800 4 1608.31 1088.47
pt600t800 5 1969.19 1088.47
pt600t800 6 1867.49 1088.47
pt600t800 7 6006.5 1088.47
pt600t800 8 6416.57 1088.47
pt600t800 9 7391.36 1088.47
pt600t800 10 8252.72 1088.47
pt600t800 11 9812.89 1088.47
pt600t800 12 10339.1 1088.47
pt600t800 13 11453.6 1088.47
pt600t800 14 13086.4 1088.47
pt600t800 15 14014.3 1088.47
pt600t800 16 14181.5 1088.47
pt600t800 17 17778.9 1088.47
pt600t800 18 20327.7 1088.47
pt600t800 19 14387.7 1088.47
pt600t800 20 23631.7 1088.47
pt600t800 21 19707.3 1088.47
pt600t800 22 31737 1088.47
pt600t800 23 24303.9 1088.47
pt600t800 24 20203.4 1088.47
pt800t1000 0 107.538 336.702
pt800t1000 1 146.471 336.702
pt800t1000 2 295.179 336.702
pt800t1000 3 399.515 336.702
pt800t1000 4 590.758 336.702
pt800t1000 5 691.236 336.702
pt800t1000 6 644.988 336.702
pt800t1000 7 1083.64 336.702
pt800t1000 8 1442.51 336.702
pt800t1000 9 1991.59 336.702
pt800t1000 10 2241.04 336.702
pt800t1000 11 2292.77 336.702
pt800t1000 12 2260.68 336.702
pt800t1000 13 3216.52 336.702
pt800t1000 14 2531.69 336.702
pt800t1000 15 2227.16 336.702
pt800t1000 16 2251.66 336.702
pt800t1000 17 2727.87 336.702
pt800t1000 18 3412.07 336.702
pt800t1000 19 3535.56 336.702
pt800t1000 20 5328.21 336.702
pt800t1000 21 1230.87 336.702
pt800t1000 22 268383 336.702
pt800t1000 23 2180.58 336.702
pt800t1000 24 3297 336.702
nosel 0 6.41903 1096.99
nosel 1 1712.27 1096.99
nosel 2 1285.58 1096.99
nosel 3 1342.68 1096.99
nosel 4 1053.41 1096.99
nosel 5 420.015 1096.99
nosel 6 3812.21 1096.99
nosel 7 4697.57 1096.99
nosel 8 3740.92 1096.99
nosel 9 1371.42 1096.99
nosel 10 1586.42 1096.99
nosel 11 2287.34 1096.99
nosel 12 1406.4 1096.99
nosel 13 1592.96 1096.99
nosel 14 1994.86 1096.99
nosel 15 2815.92 1096.99
nosel 16 3206.4 1096.99
nosel 17 3998.41 1096.99
nosel 18 6760.02 1096.99
nosel 19 8508.81 1096.99
nosel 20 11658.3 1096.99
nosel 21 19248 1096.99
nosel 22 24235.3 1096.99
nosel 23 33449.7 1096.99
nosel 24 21269.8 1096.99
pt20t30 0 5846.05 2124.22
pt20t30 1 2143.41 2124.22
pt20t30 2 2879.52 2124.22
pt20t30 3 8610.26 2124.22
pt20t30 4 1113.28 2124.22
pt20t30 5 642.654 2124.22
pt20t30 6 2190.45 2124.22
pt20t30 7 4490.88 2124.22
pt20t30 8 9745.33 2124.22
pt20t30 9 2806.45 2124.22
pt20t30 10 3337.17 2124.22
pt20t30 11 5266.89 2124.22
pt20t30 12 8313.29 2124.22
pt20t30 13 9736.52 2124.22
pt20t30 14 11673.4 2124.22
pt20t30 15 28097.2 2124.22
pt20t30 16 32470.2 2124.22
pt20t30 17 39058.7 2124.22
pt20t30 18 81695.3 2124.22
pt20t30 19 108763 2124.22
pt20t30 20 141751 2124.22
pt20t30 21 371935 2124.22
pt20t30 22 353687 2124.22
pt20t30 23 248561 2124.22
pt20t30 24 1.13826e+06 2124.22
pt30t40 0 3649.43 4299.37
pt30t40 1 2358.33 4299.37
pt30t40 2 3971.82 4299.37
pt30t40 3 6635.79 4299.37
pt30t40 4 2549.17 4299.37
pt30t40 5 1113.16 4299.37
pt30t40 6 6116.39 4299.37
pt30t40 7 14062 4299.37
pt30t40 8 29170.3 4299.37
pt30t40 9 4035.06 4299.37
pt30t40 10 5394.89 4299.37
pt30t40 11 9621.37 4299.37
pt30t40 12 5842.09 4299.37
pt30t40 13 6669.92 4299.37
pt30t40 14 8293.94 4299.37
pt30t40 15 12312.7 4299.37
pt30t40 16 13179.7 4299.37
pt30t40 17 16058.2 4299.37
pt30t40 18 31741.7 4299.37
pt30t40 19 40022.9 4299.37
pt30t40 20 46492.2 4299.37
pt30t40 21 95200.2 4299.37
pt30t40 22 96426.9 4299.37
pt30t40 23 211547 4299.37
pt30t40 24 139975 4299.37
pt40t50 0 238.103 7520.38
pt40t50 1 443.303 7520.38
pt40t50 2 7171.14 7520.38
pt40t50 3 2139.05 7520.38
pt40t50 4 2066.78 7520.38
pt40t50 5 1884.35 7520.38
pt40t50 6 16495.8 7520.38
pt40t50 7 36679 7520.38
pt40t50 8 22679.9 7520.38
pt40t50 9 7069.84 7520.38
pt40t50 10 11431.2 7520.38
pt40t50 11 28966.7 7520.38
pt40t50 12 6973.24 7520.38
pt40t50 13 8941.39 7520.38
pt40t50 14 12320 7520.38
pt40t50 15 10177.5 7520.38
pt40t50 16 11403.3 7520.38
pt40t50 17 14578 7520.38
pt40t50 18 19379.8 7520.38
pt40t50 19 23777.8 7520.38
pt40t50 20 33223.9 7520.38
pt40t50 21 51080.3 7520.38
pt40t50 22 66269.5 7520.38
pt40t50 23 91224.5 7520.38
pt40t50 24 59397.4 7520.38
pt50t60 0 263.536 9886.3
pt50t60 1 318.21 9886.3
pt50t60 2 1971.17 9886.3
pt50t60 3 2045.84 9886.3
pt50t60 4 1059.2 9886.3
pt50t60 5 1864 9886.3
pt50t60 6 17596.6 9886.3
pt50t60 7 68082.7 9886.3
pt50t60 8 14222.1 9886.3
pt50t60 9 11454.2 9886.3
pt50t60 10 20331.4 9886.3
pt50t60 11 43222.6 9886.3
pt50t60 12 9260.84 9886.3
pt50t60 13 10639.7 9886.3
pt50t60 14 15587.7 9886.3
pt50t60 15 9362.21 9886.3
pt50t60 16 10614.4 9886.3
pt50t60 17 13555.5 9886.3
pt50t60 18 15270.8 9886.3
pt50t60 19 18706.5 9886.3
pt50t60 20 21998.9 9886.3
pt50t60 21 29803.7 9886.3
pt50t60 22 38346 9886.3
pt50t60 23 55696.7 9886.3
pt50t60 24 30694.1 9886.3
pt60t70 0 109.879 11540.4
pt60t70 1 114.497 11540.4
pt60t70 2 650.913 11540.4
pt60t70 3 1647.64 11540.4
pt60t70 4 486.288 11540.4
pt60t70 5 1949.75 11540.4
pt60t70 6 14874.9 11540.4
pt60t70 7 39726.9 11540.4
pt60t70 8 17802.8 11540.4
pt60t70 9 19097.1 11540.4
pt60t70 10 39617.2 11540.4
pt60t70 11 62404.9 11540.4
pt60t70 12 13708.9 11540.4
pt60t70 13 17725.3 11540.4
pt60t70 14 23173.3 11540.4
pt60t70 15 12185.3 11540.4
pt60t70 16 15430.9 11540.4
pt60t70 17 17966.2 11540.4
pt60t70 18 16274.8 11540.4
pt60t70 19 20966.6 11540.4
pt60t70 20 25834.3 11540.4
pt60t70 21 25588.6 11540.4
pt60t70 22 36135.7 11540.4
pt60t70 23 45749.3 11540.4
pt60t70 24 22051.6 11540.4
pt70t80 0 266.697 11957
pt70t80 1 239.397 11957
pt70t80 2 1173.54 11957
pt70t80 3 3290.45 11957
pt70t80 4 979.88 11957
pt70t80 5 2807.19 11957
pt70t80 6 22573.3 11957
pt70t80 7 53702.9 11957
pt70t80 8 20907.1 11957
pt70t80 9 22921.6 11957
pt70t80 10 36315.1 11957
pt70t80 11 22368.1 11957
pt70t80 12 16601.1 11957
pt70t80 13 24335.3 11957
pt70t80 14 31995.8 11957
pt70t80 15 13548 11957
pt70t80 16 13274.2 11957
pt70t80 17 19969.1 11957
pt70t80 18 18994.9 11957
pt70t80 19 22304.7 11957
pt70t80 20 26955.2 11957
pt70t80 21 26961.8 11957
pt70t80 22 31542.6 11957
pt70t80 23 38611.9 11957
pt70t80 24 18387.2 11957
pt80t100 0 282.587 14637.9
pt80t100 1 258.074 14637.9
pt80t100 2 819.049 14637.9
pt80t100 3 4671.98 14637.9
pt80t100 4 859.873 14637.9
pt80t100 5 2088.45 14637.9
pt80t100 6 14662.2 14637.9
pt80t100 7 50226.7 14637.9
pt80t100 8 18797.9 14637.9
pt80t100 9 32803.1 14637.9
pt80t100 10 64854.7 14637.9
pt80t100 11 71930.6 14637.9
pt80t100 12 16986.7 14637.9
pt80t100 13 25924 14637.9
pt80t100 14 39483.3 14637.9
pt80t100 15 12568.1 14637.9
pt80t100 16 13679.4 14637.9
pt80t100 17 19079.4 14637.9
pt80t100 18 7057.76 14637.9
pt80t100 19 16878.7 14637.9
pt80t100 20 20083.6 14637.9
pt80t100 21 20556.9 14637.9
pt80t100 22 25032.2 14637.9
pt80t100 23 28795 14637.9
pt80t100 24 11443.6 14637.9
pt100t120 0 474.454 16151
pt100t120 1 432.627 16151
pt100t120 2 984.334 16151
pt100t120 3 1968.46 16151
pt100t120 4 1545.99 16151
pt100t120 5 2298.87 16151
pt100t120 6 11494.4 16151
pt100t120 7 34157 16151
pt100t120 8 28266.5 16151
pt100t120 9 44036.4 16151
pt100t120 10 72793.5 16151
pt100t120 11 66848.3 16151
pt100t120 12 21050.1 16151
pt100t120 13 38135.6 16151
pt100t120 14 43404.2 16151
pt100t120 15 18093.1 16151
pt100t120 16 19669.5 16151
pt100t120 17 25387.6 16151
pt100t120 18 19560.3 16151
pt100t120 19 20478.4 16151
pt100t120 20 27957.5 16151
pt100t120 21 19989.1 16151
pt100t120 22 32518.1 16151
pt100t120 23 30979.8 16151
pt100t120 24 10513.9 16151
pt120t160 0 680.28 16207.7
pt120t160 1 634.715 16207.7
pt120t160 2 1098.38 16207.7
pt120t160 3 5132.15 16207.7
pt120t160 4 3014.63 16207.7
pt120t160 5 2115 16207.7
pt120t160 6 8554.34 16207.7
pt120t160 7 27759 16207.7
pt120t160 8 34078.8 16207.7
pt120t160 9 46298.1 16207.7
pt120t160 10 78912.8 16207.7
pt120t160 11 83747.8 16207.7
pt120t160 12 20124.4 16207.7
pt120t160 13 35626.9 16207.7
pt120t160 14 41184.3 16207.7
pt120t160 15 19504 16207.7
pt120t160 16 23176.5 16207.7
pt120t160 17 25674.1 16207.7
pt120t160 18 18505.3 16207.7
pt120t160 19 20903.1 16207.7
pt120t160 20 23442.6 16207.7
pt120t160 21 20244.2 16207.7
pt120t160 22 24462.3 16207.7
pt120t160 23 29972.5 16207.7
pt120t160 24 7246.77 16207.7
pt160t210 0 573.568 16923.4
pt160t210 1 733.336 16923.4
pt160t210 2 1228.59 16923.4
pt160t210 3 5482.75 16923.4
pt160t210 4 2899.79 16923.4
pt160t210 5 2043.3 16923.4
pt160t210 6 8441.99 16923.4
pt160t210 7 32231.7 16923.4
pt160t210 8 45342.1 16923.4
pt160t210 9 70078.2 16923.4
pt160t210 10 67329.7 16923.4
pt160t210 11 59298.8 16923.4
pt160t210 12 32602 16923.4
pt160t210 13 37438.8 16923.4
pt160t210 14 31005.8 16923.4
pt160t210 15 19888 16923.4
pt160t210 16 16987.5 16923.4
pt160t210 17 23246.2 16923.4
pt160t210 18 20294.5 16923.4
pt160t210 19 23720.7 16923.4
pt160t210 20 24037.4 16923.4
pt160t210 21 25216.1 16923.4
pt160t210 22 29397.8 16923.4
pt160t210 23 29929.1 16923.4
pt160t210 24 8513 16923.4
pt210t260 0 669.473 9327.24
pt210t260 1 672.698 9327.24
pt210t260 2 1060.22 9327.24
pt210t260 3 3693.59 9327.24
pt210t260 4 4147.04 9327.24
pt210t260 5 3189.03 9327.24
pt210t260 6 5281.29 9327.24
pt210t260 7 17601.1 9327.24
pt210t260 8 37485 9327.24
pt210t260 9 45371.1 9327.24
pt210t260 10 1686.28 9327.24
pt210t260 11 35973.6 9327.24
pt210t260 12 17423.8 9327.24
pt210t260 13 20843.6 9327.24
pt210t260 14 18591.6 9327.24
pt210t260 15 14974.7 9327.24
pt210t260 16 15459.8 9327.24
pt210t260 17 13493.4 9327.24
pt210t260 18 15144.1 9327.24
pt210t260 19 15398.5 9327.24
pt210t260 20 17414.7 9327.24
pt210t260 21 17505.9 9327.24
pt210t260 22 19685.1 9327.24
pt210t260 23 26212.4 9327.24
pt210t260 24 7712.42 9327.24
pt260t320 0 1225.94 6500.39
pt260t320 1 1131.19 6500.39
pt260t320 2 1206.46 6500.39
pt260t320 3 2617.77 6500.39
pt260t320 4 3032.64 6500.39
pt260t320 5 4686.56 6500.39
pt260t320 6 5057.15 6500.39
pt260t320 7 15134.4 6500.39
pt260t320 8 20991.4 6500.39
pt260t320 9 21625.1 6500.39
pt260t320 10 18827.3 6500.39
pt260t320 11 18911.8 6500.39
pt260t320 12 12922.8 6500.39
pt260t320 13 12560.6 6500.39
pt260t320 14 10418.1 6500.39
pt260t320 15 9885.41 6500.39
pt260t320 16 10533.1 6500.39
pt260t320 17 10229 6500.39
pt260t320 18 11739.7 6500.39
pt260t320 19 13076.2 6500.39
pt260t320 20 12640.4 6500.39
pt260t320 21 15869 6500.39
pt260t320 22 17488.9 6500.39
pt260t320 23 19612 6500.39
pt260t320 24 8153.16 6500.39
pt320t400 0 357.307 4931.66
pt320t400 1 397.98 4931.66
pt320t400 2 741.601 4931.66
pt320t400 3 2073.98 4931.66
pt320t400 4 2391.03 4931.66
pt320t400 5 1831.35 4931.66
pt320t400 6 2220.31 4931.66
pt320t400 7 6459.83 4931.66
pt320t400 8 15093 4931.66
pt320t400 9 16173.2 4931.66
pt320t400 10 17686.8 4931.66
pt320t400 11 17088.8 4931.66
pt320t400 12 11851 4931.66
pt320t400 13 11558.6 4931.66
pt320t400 14 11389.8 4931.66
pt320t400 15 9502.43 4931.66
pt320t400 16 10428.4 4931.66
pt320t400 17 12156.8 4931.66
pt320t400 18 12412.4 4931.66
pt320t400 19 15491.4 4931.66
pt320t400 20 15449.2 4931.66
pt320t400 21 21992.9 4931.66
pt320t400 22 20798.4 4931.66
pt320t400 23 29603.5 4931.66
pt320t400 24 10717.8 4931.66
pt400t500 0 556.075 3657.07
pt400t500 1 553.379 3657.07
pt400t500 2 851.588 3657.07
pt400t500 3 1939.04 3657.07
pt400t500 4 3613.75 3657.07
pt400t500 5 1869.24 3657.07
pt400t500 6 3589.93 3657.07
pt400t500 7 4514.9 3657.07
pt400t500 8 10238.8 3657.07
pt400t500 9 9784.89 3657.07
pt400t500 10 10343.7 3657.07
pt400t500 11 10268.1 3657.07
pt400t500 12 10183.1 3657.07
pt400t500 13 9109.3 3657.07
pt400t500 14 9455.72 3657.07
pt400t500 15 9490.26 3657.07
pt400t500 16 11284.8 3657.07
pt400t500 17 12475.9 3657.07
pt400t500 18 15176.5 3657.07
pt400t500 19 14334.6 3657.07
pt400t500 20 15638.2 3657.07
pt400t500 21 20109.2 3657.07
pt400t500 22 21366.4 3657.07
pt400t500 23 22071.9 3657.07
pt400t500 24 12798 3657.07
pt500t600 0 756.22 2673.73
pt500t600 1 691.577 2673.73
pt500t600 2 777.762 2673.73
pt500t600 3 2169.41 2673.73
pt500t600 4 3142.92 2673.73
pt500t600 5 2042.7 2673.73
pt500t600 6 4525.78 2673.73
pt500t600 7 4301.2 2673.73
pt500t600 8 5712.72 2673.73
pt500t600 9 6387.09 2673.73
pt500t600 10 6645.27 2673.73
pt500t600 11 6862.47 2673.73
pt500t600 12 6367.95 2673.73
pt500t600 13 6842.24 2673.73
pt500t600 14 7105.34 2673.73
pt500t600 15 8569.6 2673.73
pt500t600 16 9436.29 2673.73
pt500t600 17 6046.28 2673.73
pt500t600 18 11313.8 2673.73
pt500t600 19 11681.1 2673.73
pt500t600 20 12493.9 2673.73
pt500t600 21 13727.8 2673.73
pt500t600 22 18315.3 2673.73
pt500t600 23 18528.4 2673.73
pt500t600 24 14551 2673.73
pt600t800 0 372.324 1639.32
pt600t800 1 225.045 1639.32
pt600t800 2 528.671 1639.32
pt600t800 3 1367.42 1639.32
pt600t800 4 1851.59 1639.32
pt600t800 5 1604.61 1639.32
pt600t800 6 696.182 1639.32
pt600t800 7 3243.47 1639.32
pt600t800 8 2821.05 1639.32
pt600t800 9 3581.45 1639.32
pt600t800 10 4293.83 1639.32
pt600t800 11 4938.49 1639.32
pt600t800 12 5102.06 1639.32
pt600t800 13 5264.9 1639.32
pt600t800 14 6337.07 1639.32
pt600t800 15 6665.38 1639.32
pt600t800 16 6521.36 1639.32
pt600t800 17 8130.35 1639.32
pt600t800 18 9309.73 1639.32
pt600t800 19 6154.36 1639.32
pt600t800 20 10363.7 1639.32
pt600t800 21 8343.11 1639.32
pt600t800 22 13608.7 1639.32
pt600t800 23 10099.6 1639.32
pt600t800 24 8733.42 1639.32
pt800t1000 0 166.015 431.518
pt800t1000 1 153.216 431.518
pt800t1000 2 176.455 431.518
pt800t1000 3 171.377 431.518
pt800t1000 4 332.679 431.518
pt800t1000 5 361.257 431.518
pt800t1000 6 234.409 431.518
pt800t1000 7 382.507 431.518
pt800t1000 8 597.989 431.518
pt800t1000 9 750.425 431.518
pt800t1000 10 849.625 431.518
pt800t1000 11 886.202 431.518
pt800t1000 12 861.084 431.518
pt800t1000 13 1234.7 431.518
pt800t1000 14 970.881 431.518
pt800t1000 15 841.513 431.518
pt800t1000 16 857.156 431.518
pt800t1000 17 1043.13 431.518
pt800t1000 18 1302.56 431.518
pt800t1000 19 1346.17 431.518
pt800t1000 20 2031.34 431.518
pt800t1000 21 467.107 431.518
pt800t1000 22 116142 431.518
pt800t1000 23 827.621 431.518
pt800t1000 24 1244.88 431.518
