nosel 0 960639 294599
nosel 1 946913 294599
nosel 2 -106767 294599
nosel 3 2.53492e+06 294599
nosel 4 1.45017e+06 294599
nosel 5 -1.5222e+06 294599
nosel 6 1.01875e+06 294599
nosel 7 1.75232e+06 294599
nosel 8 1.74913e+06 294599
nosel 9 -1.75055e+06 294599
nosel 10 2.60942e+06 294599
nosel 11 3.71573e+06 294599
nosel 12 -3.18191e+06 294599
nosel 13 -1.41468e+06 294599
nosel 14 -367457 294599
nosel 15 -2.50215e+06 294599
nosel 16 -1.14154e+06 294599
nosel 17 -390748 294599
nosel 18 132095 294599
nosel 19 343503 294599
nosel 20 753859 294599
nosel 21 933362 294599
nosel 22 867843 294599
nosel 23 1.00054e+06 294599
nosel 24 574805 294599
pt20t30 0 404773 100171
pt20t30 1 376406 100171
pt20t30 2 28886.9 100171
pt20t30 3 484856 100171
pt20t30 4 -556128 100171
pt20t30 5 748083 100171
pt20t30 6 -2.36118e+06 100171
pt20t30 7 -1.10435e+06 100171
pt20t30 8 4.99338e+06 100171
pt20t30 9 -1.91793e+06 100171
pt20t30 10 -1.35227e+06 100171
pt20t30 11 2.77483e+06 100171
pt20t30 12 -1.91504e+06 100171
pt20t30 13 -1.6261e+06 100171
pt20t30 14 1.30628e+06 100171
pt20t30 15 -811778 100171
pt20t30 16 -984121 100171
pt20t30 17 -268806 100171
pt20t30 18 -116594 100171
pt20t30 19 142221 100171
pt20t30 20 -352115 100171
pt20t30 21 812396 100171
pt20t30 22 689791 100171
pt20t30 23 263545 100171
pt20t30 24 2.81316e+06 100171
pt30t40 0 520399 93185.1
pt30t40 1 -511249 93185.1
pt30t40 2 780705 93185.1
pt30t40 3 442258 93185.1
pt30t40 4 452628 93185.1
pt30t40 5 177558 93185.1
pt30t40 6 681779 93185.1
pt30t40 7 -505732 93185.1
pt30t40 8 2.33477e+06 93185.1
pt30t40 9 -516370 93185.1
pt30t40 10 -2.11572e+06 93185.1
pt30t40 11 1.2046e+06 93185.1
pt30t40 12 -1.6921e+06 93185.1
pt30t40 13 -1.72312e+06 93185.1
pt30t40 14 -1.16824e+06 93185.1
pt30t40 15 -1.39695e+06 93185.1
pt30t40 16 -784443 93185.1
pt30t40 17 -416186 93185.1
pt30t40 18 492842 93185.1
pt30t40 19 428021 93185.1
pt30t40 20 85611.4 93185.1
pt30t40 21 786708 93185.1
pt30t40 22 477730 93185.1
pt30t40 23 1.25561e+06 93185.1
pt30t40 24 1.37315e+06 93185.1
pt40t50 0 243827 57120
pt40t50 1 73288.5 57120
pt40t50 2 48220.6 57120
pt40t50 3 172248 57120
pt40t50 4 808668 57120
pt40t50 5 803299 57120
pt40t50 6 -71493.4 57120
pt40t50 7 -8240.87 57120
pt40t50 8 1.04681e+06 57120
pt40t50 9 -1.143e+06 57120
pt40t50 10 -892013 57120
pt40t50 11 612222 57120
pt40t50 12 -698379 57120
pt40t50 13 -790817 57120
pt40t50 14 -110343 57120
pt40t50 15 -935551 57120
pt40t50 16 -689755 57120
pt40t50 17 -474137 57120
pt40t50 18 48799.1 57120
pt40t50 19 281157 57120
pt40t50 20 286922 57120
pt40t50 21 572403 57120
pt40t50 22 536911 57120
pt40t50 23 677087 57120
pt40t50 24 686027 57120
pt50t60 0 190138 42035.6
pt50t60 1 -40956.3 42035.6
pt50t60 2 150624 42035.6
pt50t60 3 258146 42035.6
pt50t60 4 276239 42035.6
pt50t60 5 661393 42035.6
pt50t60 6 -61753.8 42035.6
pt50t60 7 -4518.36 42035.6
pt50t60 8 1.13502e+06 42035.6
pt50t60 9 -1.06695e+06 42035.6
pt50t60 10 -318254 42035.6
pt50t60 11 403116 42035.6
pt50t60 12 -633233 42035.6
pt50t60 13 -377157 42035.6
pt50t60 14 -77949.3 42035.6
pt50t60 15 -593399 42035.6
pt50t60 16 -424210 42035.6
pt50t60 17 -177688 42035.6
pt50t60 18 21438.4 42035.6
pt50t60 19 143879 42035.6
pt50t60 20 211018 42035.6
pt50t60 21 323436 42035.6
pt50t60 22 375749 42035.6
pt50t60 23 501712 42035.6
pt50t60 24 412484 42035.6
pt60t70 0 155069 41499
pt60t70 1 31157.7 41499
pt60t70 2 125111 41499
pt60t70 3 44085.6 41499
pt60t70 4 389020 41499
pt60t70 5 503111 41499
pt60t70 6 -99948.6 41499
pt60t70 7 25575.7 41499
pt60t70 8 614789 41499
pt60t70 9 -312520 41499
pt60t70 10 -122967 41499
pt60t70 11 503252 41499
pt60t70 12 -431797 41499
pt60t70 13 -159067 41499
pt60t70 14 -50115.7 41499
pt60t70 15 -523200 41499
pt60t70 16 -218995 41499
pt60t70 17 -98975 41499
pt60t70 18 -76337.6 41499
pt60t70 19 11115.9 41499
pt60t70 20 172964 41499
pt60t70 21 180522 41499
pt60t70 22 258686 41499
pt60t70 23 370833 41499
pt60t70 24 215540 41499
pt70t80 0 129273 26069.7
pt70t80 1 -27666.9 26069.7
pt70t80 2 37371.7 26069.7
pt70t80 3 181372 26069.7
pt70t80 4 129710 26069.7
pt70t80 5 327830 26069.7
pt70t80 6 -47064.8 26069.7
pt70t80 7 75274.7 26069.7
pt70t80 8 602592 26069.7
pt70t80 9 -474981 26069.7
pt70t80 10 14629.4 26069.7
pt70t80 11 64157.8 26069.7
pt70t80 12 -291501 26069.7
pt70t80 13 -65686.4 26069.7
pt70t80 14 25611.8 26069.7
pt70t80 15 -205087 26069.7
pt70t80 16 -42803.4 26069.7
pt70t80 17 -109760 26069.7
pt70t80 18 -10071 26069.7
pt70t80 19 32568.3 26069.7
pt70t80 20 135275 26069.7
pt70t80 21 104487 26069.7
pt70t80 22 183505 26069.7
pt70t80 23 210285 26069.7
pt70t80 24 110057 26069.7
pt80t100 0 153495 34535.1
pt80t100 1 36412.3 34535.1
pt80t100 2 49860.8 34535.1
pt80t100 3 200982 34535.1
pt80t100 4 225649 34535.1
pt80t100 5 491721 34535.1
pt80t100 6 35204.1 34535.1
pt80t100 7 58950.5 34535.1
pt80t100 8 471197 34535.1
pt80t100 9 -386824 34535.1
pt80t100 10 80721.7 34535.1
pt80t100 11 380703 34535.1
pt80t100 12 -352256 34535.1
pt80t100 13 -345456 34535.1
pt80t100 14 164592 34535.1
pt80t100 15 -369613 34535.1
pt80t100 16 11196.4 34535.1
pt80t100 17 -41907.2 34535.1
pt80t100 18 5915.11 34535.1
pt80t100 19 100173 34535.1
pt80t100 20 100465 34535.1
pt80t100 21 212336 34535.1
pt80t100 22 254640 34535.1
pt80t100 23 249393 34535.1
pt80t100 24 7991.63 34535.1
pt100t120 0 122628 34657.1
pt100t120 1 43112.2 34657.1
pt100t120 2 98078.5 34657.1
pt100t120 3 59399.1 34657.1
pt100t120 4 182489 34657.1
pt100t120 5 450294 34657.1
pt100t120 6 -23287.9 34657.1
pt100t120 7 251699 34657.1
pt100t120 8 303791 34657.1
pt100t120 9 -257278 34657.1
pt100t120 10 36163.4 34657.1
pt100t120 11 465156 34657.1
pt100t120 12 -66875 34657.1
pt100t120 13 -137447 34657.1
pt100t120 14 -23441.4 34657.1
pt100t120 15 -276208 34657.1
pt100t120 16 -132707 34657.1
pt100t120 17 -13252.3 34657.1
pt100t120 18 7440 34657.1
pt100t120 19 369.947 34657.1
pt100t120 20 160141 34657.1
pt100t120 21 88090.1 34657.1
pt100t120 22 255741 34657.1
pt100t120 23 264666 34657.1
pt100t120 24 -60878.4 34657.1
pt120t160 0 150030 46077.1
pt120t160 1 98968.8 46077.1
pt120t160 2 100968 46077.1
pt120t160 3 230649 46077.1
pt120t160 4 239156 46077.1
pt120t160 5 375090 46077.1
pt120t160 6 56759.6 46077.1
pt120t160 7 257547 46077.1
pt120t160 8 361917 46077.1
pt120t160 9 -6976.6 46077.1
pt120t160 10 132043 46077.1
pt120t160 11 441244 46077.1
pt120t160 12 21996.9 46077.1
pt120t160 13 -195045 46077.1
pt120t160 14 132055 46077.1
pt120t160 15 -228004 46077.1
pt120t160 16 -66570.8 46077.1
pt120t160 17 23505.3 46077.1
pt120t160 18 10183.3 46077.1
pt120t160 19 60930.2 46077.1
pt120t160 20 148950 46077.1
pt120t160 21 167084 46077.1
pt120t160 22 287195 46077.1
pt120t160 23 252033 46077.1
pt120t160 24 -229362 46077.1
pt160t210 0 155952 50696.4
pt160t210 1 113879 50696.4
pt160t210 2 123573 50696.4
pt160t210 3 255980 50696.4
pt160t210 4 132127 50696.4
pt160t210 5 383509 50696.4
pt160t210 6 182255 50696.4
pt160t210 7 244914 50696.4
pt160t210 8 565362 50696.4
pt160t210 9 2421.22 50696.4
pt160t210 10 220193 50696.4
pt160t210 11 285441 50696.4
pt160t210 12 -180534 50696.4
pt160t210 13 -50997.3 50696.4
pt160t210 14 -47405.3 50696.4
pt160t210 15 -205143 50696.4
pt160t210 16 -206476 50696.4
pt160t210 17 -59830.7 50696.4
pt160t210 18 21406.6 50696.4
pt160t210 19 85842.8 50696.4
pt160t210 20 130954 50696.4
pt160t210 21 240901 50696.4
pt160t210 22 277942 50696.4
pt160t210 23 332797 50696.4
pt160t210 24 -246146 50696.4
pt210t260 0 84968.9 23249.2
pt210t260 1 49071.3 23249.2
pt210t260 2 62659.3 23249.2
pt210t260 3 97744.8 23249.2
pt210t260 4 111198 23249.2
pt210t260 5 176961 23249.2
pt210t260 6 63305.3 23249.2
pt210t260 7 204897 23249.2
pt210t260 8 210399 23249.2
pt210t260 9 119849 23249.2
pt210t260 10 10822.6 23249.2
pt210t260 11 75435.2 23249.2
pt210t260 12 -112109 23249.2
pt210t260 13 -58416.2 23249.2
pt210t260 14 -55997.8 23249.2
pt210t260 15 -94262.8 23249.2
pt210t260 16 -50774.6 23249.2
pt210t260 17 -38236.2 23249.2
pt210t260 18 5490.23 23249.2
pt210t260 19 25460.8 23249.2
pt210t260 20 70625.2 23249.2
pt210t260 21 92825.3 23249.2
pt210t260 22 108744 23249.2
pt210t260 23 164550 23249.2
pt210t260 24 -69650.5 23249.2
pt260t320 0 38318.6 8945.13
pt260t320 1 31520.2 8945.13
pt260t320 2 44867 8945.13
pt260t320 3 64804.8 8945.13
pt260t320 4 43072.7 8945.13
pt260t320 5 93522.6 8945.13
pt260t320 6 46451.9 8945.13
pt260t320 7 46133.4 8945.13
pt260t320 8 79125 8945.13
pt260t320 9 21877.8 8945.13
pt260t320 10 -13884 8945.13
pt260t320 11 13915.5 8945.13
pt260t320 12 -48631.7 8945.13
pt260t320 13 -46769.5 8945.13
pt260t320 14 -61597.6 8945.13
pt260t320 15 -47425.6 8945.13
pt260t320 16 -28515 8945.13
pt260t320 17 -8044.8 8945.13
pt260t320 18 20463.8 8945.13
pt260t320 19 23751 8945.13
pt260t320 20 31594 8945.13
pt260t320 21 54634.5 8945.13
pt260t320 22 65480.9 8945.13
pt260t320 23 70062.5 8945.13
pt260t320 24 -4295.02 8945.13
pt320t400 0 60940.2 10331.3
pt320t400 1 13238.4 10331.3
pt320t400 2 34080.2 10331.3
pt320t400 3 87614.5 10331.3
pt320t400 4 44768.9 10331.3
pt320t400 5 122578 10331.3
pt320t400 6 51086.5 10331.3
pt320t400 7 134327 10331.3
pt320t400 8 110125 10331.3
pt320t400 9 -26755.4 10331.3
pt320t400 10 -9026.32 10331.3
pt320t400 11 -20392.6 10331.3
pt320t400 12 -103025 10331.3
pt320t400 13 -52801.5 10331.3
pt320t400 14 -65332.2 10331.3
pt320t400 15 -86505.4 10331.3
pt320t400 16 -36378.8 10331.3
pt320t400 17 -23272.1 10331.3
pt320t400 18 24811.3 10331.3
pt320t400 19 45513.6 10331.3
pt320t400 20 50906 10331.3
pt320t400 21 94692.1 10331.3
pt320t400 22 90182.7 10331.3
pt320t400 23 132982 10331.3
pt320t400 24 -14847 10331.3
pt400t500 0 33331.4 4277.14
pt400t500 1 27229.9 4277.14
pt400t500 2 44646.8 4277.14
pt400t500 3 70889.7 4277.14
pt400t500 4 56866.4 4277.14
pt400t500 5 59133.2 4277.14
pt400t500 6 26002.9 4277.14
pt400t500 7 19892 4277.14
pt400t500 8 11875.8 4277.14
pt400t500 9 -44176.2 4277.14
pt400t500 10 -64883.7 4277.14
pt400t500 11 -54342 4277.14
pt400t500 12 -36314.9 4277.14
pt400t500 13 -42469.8 4277.14
pt400t500 14 -48337.9 4277.14
pt400t500 15 -20138.2 4277.14
pt400t500 16 6609.13 4277.14
pt400t500 17 12976.4 4277.14
pt400t500 18 40747.9 4277.14
pt400t500 19 34717 4277.14
pt400t500 20 40424.4 4277.14
pt400t500 21 63154.9 4277.14
pt400t500 22 61595 4277.14
pt400t500 23 58459.4 4277.14
pt400t500 24 25623.9 4277.14
pt500t600 0 13200.2 1205.66
pt500t600 1 14173.8 1205.66
pt500t600 2 19261.2 1205.66
pt500t600 3 39072.4 1205.66
pt500t600 4 27679.8 1205.66
pt500t600 5 24957.2 1205.66
pt500t600 6 11441 1205.66
pt500t600 7 -6621.96 1205.66
pt500t600 8 -14934.4 1205.66
pt500t600 9 -38686.6 1205.66
pt500t600 10 -35003 1205.66
pt500t600 11 -18557 1205.66
pt500t600 12 -20731.1 1205.66
pt500t600 13 -19308 1205.66
pt500t600 14 -16050.1 1205.66
pt500t600 15 -5714.33 1205.66
pt500t600 16 -3224.46 1205.66
pt500t600 17 3.01208 1205.66
pt500t600 18 11630 1205.66
pt500t600 19 19307.8 1205.66
pt500t600 20 23817.1 1205.66
pt500t600 21 28304.3 1205.66
pt500t600 22 40266.1 1205.66
pt500t600 23 40292 1205.66
pt500t600 24 26788.2 1205.66
pt600t800 0 7980.26 340.402
pt600t800 1 4109 340.402
pt600t800 2 12599.8 340.402
pt600t800 3 18233.5 340.402
pt600t800 4 15116.3 340.402
pt600t800 5 6067.21 340.402
pt600t800 6 2055.66 340.402
pt600t800 7 -10042.6 340.402
pt600t800 8 -11418.1 340.402
pt600t800 9 -16538.8 340.402
pt600t800 10 -19741.9 340.402
pt600t800 11 -14935 340.402
pt600t800 12 -12983.2 340.402
pt600t800 13 -9234.85 340.402
pt600t800 14 -4776.6 340.402
pt600t800 15 63.5401 340.402
pt600t800 16 3199.49 340.402
pt600t800 17 9203.33 340.402
pt600t800 18 12510.3 340.402
pt600t800 19 10368.2 340.402
pt600t800 20 19701.2 340.402
pt600t800 21 17162.9 340.402
pt600t800 22 30070 340.402
pt600t800 23 23140.6 340.402
pt600t800 24 16260 340.402
pt800t1000 0 4652.14 -330.956
pt800t1000 1 2830.83 -330.956
pt800t1000 2 2396.39 -330.956
pt800t1000 3 -1868 -330.956
pt800t1000 4 1136.77 -330.956
pt800t1000 5 -2743.93 -330.956
pt800t1000 6 2131.78 -330.956
pt800t1000 7 -7152.17 -330.956
pt800t1000 8 -11361.2 -330.956
pt800t1000 9 -9930.68 -330.956
pt800t1000 10 -9551.86 -330.956
pt800t1000 11 -10019.3 -330.956
pt800t1000 12 -6069.38 -330.956
pt800t1000 13 -6656.42 -330.956
pt800t1000 14 -2903.11 -330.956
pt800t1000 15 -1931.97 -330.956
pt800t1000 16 -1734.39 -330.956
pt800t1000 17 -155.021 -330.956
pt800t1000 18 935.253 -330.956
pt800t1000 19 1730.74 -330.956
pt800t1000 20 3237.18 -330.956
pt800t1000 21 858.509 -330.956
pt800t1000 22 359405 -330.956
pt800t1000 23 1640.83 -330.956
pt800t1000 24 998.131 -330.956
nosel 0 139642 394443
nosel 1 489418 394443
nosel 2 791367 394443
nosel 3 1.69621e+06 394443
nosel 4 1.01217e+06 394443
nosel 5 129327 394443
nosel 6 -231436 394443
nosel 7 701187 394443
nosel 8 1.58448e+06 394443
nosel 9 355262 394443
nosel 10 1.61961e+06 394443
nosel 11 2.13153e+06 394443
nosel 12 -1.29034e+06 394443
nosel 13 -684826 394443
nosel 14 -313696 394443
nosel 15 -1.14733e+06 394443
nosel 16 -555204 394443
nosel 17 -111770 394443
nosel 18 63199.8 394443
nosel 19 156742 394443
nosel 20 345400 394443
nosel 21 433192 394443
nosel 22 398408 394443
nosel 23 456828 394443
nosel 24 275742 394443
pt20t30 0 -4939.29 131073
pt20t30 1 565226 131073
pt20t30 2 241688 131073
pt20t30 3 229790 131073
pt20t30 4 309107 131073
pt20t30 5 707431 131073
pt20t30 6 -1.7193e+06 131073
pt20t30 7 -1.25683e+06 131073
pt20t30 8 3.06411e+06 131073
pt20t30 9 -1.35362e+06 131073
pt20t30 10 -729054 131073
pt20t30 11 2.28395e+06 131073
pt20t30 12 -1.20976e+06 131073
pt20t30 13 -891109 131073
pt20t30 14 1.14242e+06 131073
pt20t30 15 -568513 131073
pt20t30 16 -618191 131073
pt20t30 17 -164483 131073
pt20t30 18 -116718 131073
pt20t30 19 122602 131073
pt20t30 20 -192540 131073
pt20t30 21 455842 131073
pt20t30 22 450427 131073
pt20t30 23 190449 131073
pt20t30 24 1.97851e+06 131073
pt30t40 0 75347.4 95153.1
pt30t40 1 186444 95153.1
pt30t40 2 402662 95153.1
pt30t40 3 35431.7 95153.1
pt30t40 4 -87697.7 95153.1
pt30t40 5 644237 95153.1
pt30t40 6 -260743 95153.1
pt30t40 7 -254209 95153.1
pt30t40 8 1.78544e+06 95153.1
pt30t40 9 225414 95153.1
pt30t40 10 -863295 95153.1
pt30t40 11 520955 95153.1
pt30t40 12 -1.16581e+06 95153.1
pt30t40 13 -1.37512e+06 95153.1
pt30t40 14 -801898 95153.1
pt30t40 15 -961061 95153.1
pt30t40 16 -552023 95153.1
pt30t40 17 -231178 95153.1
pt30t40 18 331214 95153.1
pt30t40 19 314525 95153.1
pt30t40 20 49059.2 95153.1
pt30t40 21 509914 95153.1
pt30t40 22 312666 95153.1
pt30t40 23 795637 95153.1
pt30t40 24 891966 95153.1
pt40t50 0 34433 100973
pt40t50 1 77124.7 100973
pt40t50 2 26232.6 100973
pt40t50 3 187001 100973
pt40t50 4 528198 100973
pt40t50 5 629403 100973
pt40t50 6 -59979.3 100973
pt40t50 7 37361.9 100973
pt40t50 8 791227 100973
pt40t50 9 -450194 100973
pt40t50 10 -303061 100973
pt40t50 11 416235 100973
pt40t50 12 -441463 100973
pt40t50 13 -450028 100973
pt40t50 14 -109965 100973
pt40t50 15 -549079 100973
pt40t50 16 -398855 100973
pt40t50 17 -275446 100973
pt40t50 18 21820.8 100973
pt40t50 19 164126 100973
pt40t50 20 167301 100973
pt40t50 21 333208 100973
pt40t50 22 312549 100973
pt40t50 23 394951 100973
pt40t50 24 398001 100973
pt50t60 0 20355 83958.5
pt50t60 1 3090.24 83958.5
pt50t60 2 154615 83958.5
pt50t60 3 213885 83958.5
pt50t60 4 122740 83958.5
pt50t60 5 592499 83958.5
pt50t60 6 -85766.4 83958.5
pt50t60 7 131563 83958.5
pt50t60 8 794486 83958.5
pt50t60 9 -430510 83958.5
pt50t60 10 -11643.2 83958.5
pt50t60 11 328417 83958.5
pt50t60 12 -392348 83958.5
pt50t60 13 -258751 83958.5
pt50t60 14 -103422 83958.5
pt50t60 15 -347197 83958.5
pt50t60 16 -246350 83958.5
pt50t60 17 -112563 83958.5
pt50t60 18 15509.2 83958.5
pt50t60 19 88999.3 83958.5
pt50t60 20 127965 83958.5
pt50t60 21 206366 83958.5
pt50t60 22 232190 83958.5
pt50t60 23 315210 83958.5
pt50t60 24 247715 83958.5
pt60t70 0 20492.9 72112.9
pt60t70 1 27057.8 72112.9
pt60t70 2 98848.9 72112.9
pt60t70 3 99276.4 72112.9
pt60t70 4 203393 72112.9
pt60t70 5 422422 72112.9
pt60t70 6 -55023.8 72112.9
pt60t70 7 79348.5 72112.9
pt60t70 8 374083 72112.9
pt60t70 9 -112351 72112.9
pt60t70 10 62367.3 72112.9
pt60t70 11 431458 72112.9
pt60t70 12 -276436 72112.9
pt60t70 13 -80253.5 72112.9
pt60t70 14 -9302.94 72112.9
pt60t70 15 -306192 72112.9
pt60t70 16 -111424 72112.9
pt60t70 17 -52722.8 72112.9
pt60t70 18 -50502.5 72112.9
pt60t70 19 4569.87 72112.9
pt60t70 20 111724 72112.9
pt60t70 21 106783 72112.9
pt60t70 22 151260 72112.9
pt60t70 23 221097 72112.9
pt60t70 24 124051 72112.9
pt70t80 0 10052.6 61785.9
pt70t80 1 22634 61785.9
pt70t80 2 55065 61785.9
pt70t80 3 96902.5 61785.9
pt70t80 4 85707.1 61785.9
pt70t80 5 306600 61785.9
pt70t80 6 34170.3 61785.9
pt70t80 7 167724 61785.9
pt70t80 8 497936 61785.9
pt70t80 9 -167919 61785.9
pt70t80 10 59600.2 61785.9
pt70t80 11 35607.2 61785.9
pt70t80 12 -162074 61785.9
pt70t80 13 -37925.8 61785.9
pt70t80 14 33709.5 61785.9
pt70t80 15 -101011 61785.9
pt70t80 16 -26135 61785.9
pt70t80 17 -50107.7 61785.9
pt70t80 18 -3351.52 61785.9
pt70t80 19 18486.1 61785.9
pt70t80 20 77444.6 61785.9
pt70t80 21 58023 61785.9
pt70t80 22 101707 61785.9
pt70t80 23 114957 61785.9
pt70t80 24 61918.8 61785.9
pt80t100 0 24616.1 90485.2
pt80t100 1 32726.1 90485.2
pt80t100 2 88894.3 90485.2
pt80t100 3 158798 90485.2
pt80t100 4 179308 90485.2
pt80t100 5 398641 90485.2
pt80t100 6 115617 90485.2
pt80t100 7 162201 90485.2
pt80t100 8 457989 90485.2
pt80t100 9 -39135.4 90485.2
pt80t100 10 164052 90485.2
pt80t100 11 332473 90485.2
pt80t100 12 -164988 90485.2
pt80t100 13 -184316 90485.2
pt80t100 14 127588 90485.2
pt80t100 15 -192958 90485.2
pt80t100 16 50365.7 90485.2
pt80t100 17 15239.6 90485.2
pt80t100 18 3607.65 90485.2
pt80t100 19 78061.5 90485.2
pt80t100 20 58860.3 90485.2
pt80t100 21 118786 90485.2
pt80t100 22 152409 90485.2
pt80t100 23 136199 90485.2
pt80t100 24 -10206.6 90485.2
pt100t120 0 31542.4 70718.6
pt100t120 1 22906.9 70718.6
pt100t120 2 79775.7 70718.6
pt100t120 3 11202.4 70718.6
pt100t120 4 144709 70718.6
pt100t120 5 327215 70718.6
pt100t120 6 89077.6 70718.6
pt100t120 7 258378 70718.6
pt100t120 8 260198 70718.6
pt100t120 9 -64735 70718.6
pt100t120 10 80332.7 70718.6
pt100t120 11 289871 70718.6
pt100t120 12 -4729.95 70718.6
pt100t120 13 -16018.8 70718.6
pt100t120 14 -18858.1 70718.6
pt100t120 15 -124566 70718.6
pt100t120 16 -63771.7 70718.6
pt100t120 17 10887.9 70718.6
pt100t120 18 -19345 70718.6
pt100t120 19 4419.78 70718.6
pt100t120 20 89156.2 70718.6
pt100t120 21 45339.8 70718.6
pt100t120 22 151865 70718.6
pt100t120 23 146074 70718.6
pt100t120 24 -38324.8 70718.6
pt120t160 0 42061.9 101665
pt120t160 1 36222.4 101665
pt120t160 2 87293.3 101665
pt120t160 3 196103 101665
pt120t160 4 215305 101665
pt120t160 5 298434 101665
pt120t160 6 207296 101665
pt120t160 7 273103 101665
pt120t160 8 324608 101665
pt120t160 9 36020.8 101665
pt120t160 10 182351 101665
pt120t160 11 326415 101665
pt120t160 12 157493 101665
pt120t160 13 -42921.7 101665
pt120t160 14 111338 101665
pt120t160 15 -99725.4 101665
pt120t160 16 497.511 101665
pt120t160 17 25914.7 101665
pt120t160 18 17222.4 101665
pt120t160 19 37059.7 101665
pt120t160 20 96406.9 101665
pt120t160 21 100051 101665
pt120t160 22 160484 101665
pt120t160 23 140016 101665
pt120t160 24 -119242 101665
pt160t210 0 69244.2 109964
pt160t210 1 37005.9 109964
pt160t210 2 97150.1 109964
pt160t210 3 226416 109964
pt160t210 4 228681 109964
pt160t210 5 355314 109964
pt160t210 6 206593 109964
pt160t210 7 257009 109964
pt160t210 8 401826 109964
pt160t210 9 95198.3 109964
pt160t210 10 211654 109964
pt160t210 11 263391 109964
pt160t210 12 -42151.9 109964
pt160t210 13 48296.3 109964
pt160t210 14 58820.6 109964
pt160t210 15 -91873.3 109964
pt160t210 16 -62540.4 109964
pt160t210 17 -10035.6 109964
pt160t210 18 36382.8 109964
pt160t210 19 75687.2 109964
pt160t210 20 90669.3 109964
pt160t210 21 135429 109964
pt160t210 22 157777 109964
pt160t210 23 182868 109964
pt160t210 24 -103827 109964
pt210t260 0 28892 46980
pt210t260 1 14739.2 46980
pt210t260 2 37001.8 46980
pt210t260 3 96585.5 46980
pt210t260 4 114717 46980
pt210t260 5 159760 46980
pt210t260 6 93180.2 46980
pt210t260 7 161762 46980
pt210t260 8 151561 46980
pt210t260 9 96241.5 46980
pt210t260 10 3644.07 46980
pt210t260 11 75690.6 46980
pt210t260 12 -31905.9 46980
pt210t260 13 3327.58 46980
pt210t260 14 -2502.24 46980
pt210t260 15 -28770.4 46980
pt210t260 16 -10851.5 46980
pt210t260 17 -6190.36 46980
pt210t260 18 12125.6 46980
pt210t260 19 20559.8 46980
pt210t260 20 43166.6 46980
pt210t260 21 50423.5 46980
pt210t260 22 58250.4 46980
pt210t260 23 83937 46980
pt210t260 24 -24814 46980
pt260t320 0 13895.1 19857.3
pt260t320 1 12396 19857.3
pt260t320 2 27265.7 19857.3
pt260t320 3 47476.8 19857.3
pt260t320 4 63907.3 19857.3
pt260t320 5 77269.5 19857.3
pt260t320 6 51227.7 19857.3
pt260t320 7 43910.4 19857.3
pt260t320 8 57440.1 19857.3
pt260t320 9 27264 19857.3
pt260t320 10 8677.8 19857.3
pt260t320 11 20569.2 19857.3
pt260t320 12 -8897.45 19857.3
pt260t320 13 -12672.5 19857.3
pt260t320 14 -18710.5 19857.3
pt260t320 15 -15406.9 19857.3
pt260t320 16 -7882.42 19857.3
pt260t320 17 2826.06 19857.3
pt260t320 18 16582.5 19857.3
pt260t320 19 15139.8 19857.3
pt260t320 20 19365.6 19857.3
pt260t320 21 29120.6 19857.3
pt260t320 22 33399.9 19857.3
pt260t320 23 34190.7 19857.3
pt260t320 24 4476.33 19857.3
pt320t400 0 19548.2 20635.5
pt320t400 1 6621.42 20635.5
pt320t400 2 28147.3 20635.5
pt320t400 3 57835.3 20635.5
pt320t400 4 51425.7 20635.5
pt320t400 5 83333.6 20635.5
pt320t400 6 55742.7 20635.5
pt320t400 7 65936.2 20635.5
pt320t400 8 63451.2 20635.5
pt320t400 9 6946.78 20635.5
pt320t400 10 14876.4 20635.5
pt320t400 11 12290.3 20635.5
pt320t400 12 -23104.4 20635.5
pt320t400 13 -10710.6 20635.5
pt320t400 14 -8894.16 20635.5
pt320t400 15 -20850.4 20635.5
pt320t400 16 -5183.85 20635.5
pt320t400 17 -682.565 20635.5
pt320t400 18 20271.1 20635.5
pt320t400 19 21358.2 20635.5
pt320t400 20 22937.3 20635.5
pt320t400 21 35973.6 20635.5
pt320t400 22 35897 20635.5
pt320t400 23 50740 20635.5
pt320t400 24 -2272.55 20635.5
pt400t500 0 10804.6 13243.9
pt400t500 1 11327.2 13243.9
pt400t500 2 20878 13243.9
pt400t500 3 38764.1 13243.9
pt400t500 4 52456.7 13243.9
pt400t500 5 64153.2 13243.9
pt400t500 6 42123.5 13243.9
pt400t500 7 41140.6 13243.9
pt400t500 8 25039.6 13243.9
pt400t500 9 -2808.93 13243.9
pt400t500 10 -13766 13243.9
pt400t500 11 -10020.2 13243.9
pt400t500 12 -5870.49 13243.9
pt400t500 13 -10940.2 13243.9
pt400t500 14 -12812 13243.9
pt400t500 15 -4107.76 13243.9
pt400t500 16 3927.51 13243.9
pt400t500 17 8153.95 13243.9
pt400t500 18 20085.3 13243.9
pt400t500 19 16644.4 13243.9
pt400t500 20 18694.5 13243.9
pt400t500 21 28067.3 13243.9
pt400t500 22 27306.8 13243.9
pt400t500 23 25808.8 13243.9
pt400t500 24 12588.3 13243.9
pt500t600 0 4253.82 5370.85
pt500t600 1 4146.11 5370.85
pt500t600 2 9485.82 5370.85
pt500t600 3 23036 5370.85
pt500t600 4 19303.5 5370.85
pt500t600 5 26099.8 5370.85
pt500t600 6 23128.8 5370.85
pt500t600 7 15714.1 5370.85
pt500t600 8 6811.5 5370.85
pt500t600 9 -5303.42 5370.85
pt500t600 10 -7910.29 5370.85
pt500t600 11 -3352.75 5370.85
pt500t600 12 -6194.46 5370.85
pt500t600 13 -5011.53 5370.85
pt500t600 14 -6044.68 5370.85
pt500t600 15 -760.591 5370.85
pt500t600 16 -121.978 5370.85
pt500t600 17 219.534 5370.85
pt500t600 18 5712.26 5370.85
pt500t600 19 8350.72 5370.85
pt500t600 20 10416.9 5370.85
pt500t600 21 12283.8 5370.85
pt500t600 22 17933.2 5370.85
pt500t600 23 17833 5370.85
pt500t600 24 12314.2 5370.85
pt600t800 0 2491.38 2144.9
pt600t800 1 1279.02 2144.9
pt600t800 2 5299.62 2144.9
pt600t800 3 8788.62 2144.9
pt600t800 4 10875.7 2144.9
pt600t800 5 9949.07 2144.9
pt600t800 6 10975.4 2144.9
pt600t800 7 2881.27 2144.9
pt600t800 8 1289.21 2144.9
pt600t800 9 -2371.06 2144.9
pt600t800 10 -4429.21 2144.9
pt600t800 11 -2931.41 2144.9
pt600t800 12 -3023.4 2144.9
pt600t800 13 -2974.16 2144.9
pt600t800 14 -983.494 2144.9
pt600t800 15 804.872 2144.9
pt600t800 16 2011.26 2144.9
pt600t800 17 4174.07 2144.9
pt600t800 18 5427.48 2144.9
pt600t800 19 4326.81 2144.9
pt600t800 20 8262.71 2144.9
pt600t800 21 7138 2144.9
pt600t800 22 12573.1 2144.9
pt600t800 23 9450.19 2144.9
pt600t800 24 6839.03 2144.9
pt800t1000 0 663.948 337.433
pt800t1000 1 822.604 337.433
pt800t1000 2 1198.5 337.433
pt800t1000 3 1106.25 337.433
pt800t1000 4 1870.27 337.433
pt800t1000 5 1832.1 337.433
pt800t1000 6 2066.56 337.433
pt800t1000 7 -595.905 337.433
pt800t1000 8 -1553.88 337.433
pt800t1000 9 -1294.45 337.433
pt800t1000 10 -641.444 337.433
pt800t1000 11 -2009.55 337.433
pt800t1000 12 -1359.92 337.433
pt800t1000 13 -1305.21 337.433
pt800t1000 14 -293.343 337.433
pt800t1000 15 -333.127 337.433
pt800t1000 16 -268.885 337.433
pt800t1000 17 353.787 337.433
pt800t1000 18 675.665 337.433
pt800t1000 19 898.447 337.433
pt800t1000 20 1380.62 337.433
pt800t1000 21 361.516 337.433
pt800t1000 22 142783 337.433
pt800t1000 23 621.206 337.433
pt800t1000 24 429.57 337.433
