0.977695  0.0172996   0.0821264  0.0839287
0.991369  0.0295024   0.0297411  0.0418918
0.982448  0.00953239  0.0245612  0.0263461
0.988102  0.00867105  0.0247026  0.0261802
0.977506  0.0114854   0.0244376  0.0270021
0.976675  0.0109429   0.0244169  0.0267569
0.979829  0.00855395  0.0205764  0.0222836
0.974868  0.0113575   0.0214471  0.0242687
0.974907  0.0122399   0.021448   0.0246947
0.97032   0.0121376   0.0436644  0.04532
0.96188   0.0157401   0.0452084  0.0478701
0.953992  0.0151772   0.0457916  0.0482413
0.978705  0.0198043   0.0322973  0.0378857
0.940659  0.0152323   0.0310417  0.0345776
0.919893  0.0602148   0.034036   0.0691684
