0.50017   0.00977812  0.534872   0.00115547
0.620835  0.00736126  0.653073   0.000833902
0.641859  0.00658748  0.674577   0.000882849
0.704899  0.0065762   0.732992   0.00115376
0.71192   0.00719148  0.740993   0.00114381
0.726684  0.00706883  0.754914   0.00117027
0.752098  0.0051908   0.775147   0.00108758
0.753491  0.006892    0.773253   0.00109452
0.755126  0.00756375  0.775292   0.00105038
0.734344  0.00668295  0.759375   0.00130883
0.715155  0.00899763  0.742023   0.00238694
0.710254  0.0119764   0.729611   0.00407685
0.690667  0.0159402   0.706027   0.00710763
0.671027  0.0167989   0.687361   0.0063465
0.584277  0.035261    0.633593   0.00557234
