0.927563  0.0767217    0.123366   0.145277
0.929866  0.0371262    0.0743893  0.0831392
0.958443  0.0218558    0.0469637  0.0518003
0.964569  0.0170285    0.0327953  0.0369527
0.966746  0.0126313    0.0261021  0.0289978
0.968933  0.0111984    0.0242233  0.0266866
0.961389  0.013711     0.0221119  0.0260179
0.967135  0.0118201    0.0193427  0.0226684
0.975316  0.00884681   0.0204816  0.0223106
0.985421  0.00609703   0.0335043  0.0340546
0.967429  0.00949727   0.0222509  0.024193
0.974642  0.011363     0.0331378  0.0350319
0.973654  0.0100387    0.0331042  0.0345929
0.973942  0.0156153    0.0448013  0.0474447
0.960931  0.0234996    0.0903275  0.0933343
0.93529   0.0294756    0.0626644  0.0692506
