0.221795   0.0249612   0.25924   0.00120613
0.345089   0.0187368   0.401584  0.000979863
0.404641   0.0125948   0.454909  0.000970154
0.494146   0.0118902   0.552041  0.00129081
0.499463   0.00910825  0.547486  0.00124053
0.522364   0.00855141  0.570265  0.00126092
0.525338   0.0107283   0.579944  0.00123474
0.51438    0.0095077   0.564709  0.00119094
0.513281   0.00794622  0.555042  0.00112873
0.445073   0.00551277  0.474464  0.00102771
0.423586   0.00747291  0.456678  0.00140919
0.413768   0.00920052  0.437367  0.00183189
0.393596   0.00743689  0.417616  0.00198601
0.353082   0.011535    0.388371  0.00219437
0.321988   0.015993    0.367186  0.00205289
0.283383   0.023012    0.348852  0.00185301
