0.855559  0.0962864    0.122345   0.15569
0.85932   0.0466573    0.0756202  0.0888556
0.889498  0.0276864    0.0587069  0.0649079
0.895125  0.0215387    0.0411757  0.0464689
0.912283  0.0166365    0.035579   0.0392765
0.916003  0.0149955    0.0311441  0.0345662
0.905844  0.0184989    0.0317045  0.0367068
0.910877  0.0168365    0.0355242  0.039312
0.92476   0.0143164    0.0332914  0.0362391
0.938055  0.0116189    0.0562833  0.0574701
0.927537  0.0163636    0.0695653  0.0714639
0.946042  0.0210361    0.0889279  0.0913822
0.942484  0.017808     0.0951909  0.0968423
0.909137  0.029701     0.106369   0.110438
0.876908  0.0435555    0.101721   0.110654
0.812328  0.065965     0.112914   0.13077
