0.834429  0.0227751   0.144356   0.146142
0.895605  0.0131923   0.072544   0.0737338
0.888937  0.0105811   0.070226   0.0710187
0.914805  0.00946677  0.0411662  0.0422407
0.9185    0.0103759   0.0413325  0.042615
0.928133  0.0100364   0.0436223  0.0447619
0.944817  0.00819454  0.0406271  0.0414453
0.939802  0.0102331   0.0422911  0.0435115
0.945982  0.010976    0.050137   0.0513244
0.944268  0.0108993   0.0934825  0.0941158
0.922086  0.0166811   0.0792994  0.0810349
0.93858   0.0259318   0.0957352  0.0991851
1.01635   0.0415816   0.0965533  0.105126
0.920606  0.0448981   0.0644424  0.0785408
0.894719  0.0826952   0.0474201  0.0953266
