0.564315  0.0327113   0.610282   0.00134229
0.714723  0.0189206   0.74104    0.000875615
0.749451  0.0124357   0.769946   0.000819953
0.825134  0.00993606  0.840686   0.000949954
0.824908  0.0075076   0.841528   0.000910158
0.839627  0.006788    0.854173   0.000898963
0.846935  0.00804786  0.867862   0.000847165
0.844587  0.00782309  0.864122   0.000823095
0.857202  0.00522234  0.873737   0.000754391
0.854661  0.0029298   0.868576   0.000695357
0.840838  0.00541152  0.859836   0.000982111
0.833763  0.00593409  0.851244   0.0013141
0.820142  0.00528681  0.839331   0.00147884
0.807287  0.00786334  0.823708   0.00171571
0.779423  0.0118223   0.808576   0.00167549
0.747606  0.01524     0.788615   0.0015874
