0.791185  0.0139995   0.809235   0.000910193
0.857213  0.02551     0.864676   0.00059928
0.833568  0.00808785  0.84846    0.000675656
0.872241  0.00765432  0.882744   0.000839049
0.850999  0.00999902  0.870583   0.000876378
0.855536  0.00958563  0.875968   0.000896783
0.867532  0.0075736   0.885392   0.000829844
0.854256  0.00995237  0.876279   0.00086067
0.858915  0.0107836   0.881023   0.000814757
0.851312  0.0106489   0.877352   0.00100439
0.838567  0.0137222   0.8718     0.00182387
0.820111  0.0130472   0.859662   0.00318813
0.825898  0.0167122   0.843868   0.00566296
0.792619  0.012835    0.842621   0.00498551
0.731248  0.0478664   0.794927   0.00466948
