0.924679  0.0536003   0.184936   0.192547
0.964487  0.0255325   0.0887328  0.0923332
0.973382  0.0161513   0.045749   0.0485163
0.9815    0.011819    0.029445   0.0317285
0.98025   0.00892139  0.0225457  0.0242467
0.982971  0.00794687  0.0186764  0.0202969
0.975887  0.0092732   0.017566   0.0198634
0.977393  0.00905322  0.0263896  0.0278993
0.981076  0.00597702  0.0156972  0.0167966
0.98398   0.00337311  0.0147597  0.0151402
0.977905  0.00629366  0.0185802  0.0196172
0.979464  0.00697109  0.0225277  0.0235816
0.977138  0.00629884  0.021497   0.0224008
0.980064  0.00954627  0.0294019  0.0309128
0.963945  0.0146212   0.0337381  0.0367701
0.947998  0.019325    0.0303359  0.0359684
