0.330923  0.00903226  0.396586   0.00113324
0.462666  0.00681508  0.516596   0.000875479
0.476358  0.00567016  0.535874   0.000939714
0.546433  0.00565471  0.597322   0.00127905
0.538992  0.00608876  0.586818   0.00128562
0.560479  0.00606078  0.603878   0.00133066
0.571535  0.00495701  0.604916   0.00127354
0.551973  0.0060102   0.587329   0.00128688
0.543588  0.00630713  0.574628   0.00124417
0.469686  0.00542137  0.497408   0.00153091
0.444498  0.00804122  0.482056   0.00272604
0.429797  0.0118747   0.457922   0.0045731
0.455308  0.0186278   0.447982   0.00775832
0.379615  0.0185139   0.412353   0.00673927
0.340054  0.0314298   0.380068   0.00561375
