0.157606  0.00773439  0.191742   0.000911971
0.247634  0.012424    0.294012   0.000798172
0.323346  0.00743845  0.364902   0.000907099
0.393391  0.00798533  0.424827   0.00128916
0.425323  0.00784317  0.460156   0.0013013
0.447169  0.00816136  0.480883   0.00135934
0.48967   0.00697142  0.516891   0.0013018
0.500771  0.00809994  0.533689   0.001304
0.528852  0.00872623  0.558016   0.00124977
0.53659   0.00834745  0.56622    0.00151745
0.531424  0.0118709   0.567096   0.00270313
0.528413  0.0171281   0.566349   0.0045488
0.581113  0.0255928   0.595302   0.00765764
0.559159  0.0286416   0.568927   0.0067799
0.52804   0.0495154   0.573268   0.00572014
